2.667,30,80,37
B0,mixamorig_Hips,-1,0.9331233501434326,-0.024591419845819473,-0.35298091173171997,0,0.06369872391223907,0.9929307699203491,0.09576776623725891,0,0.3478052616119385,-0.11315713822841644,0.9285405874252319,0,-16.748071670532227,78.32989501953125,5.078028202056885,1
B1,mixamorig_Spine,0,0.9707615375518799,0.17888115346431732,-0.1545134037733078,0,-0.18535162508487701,0.981363832950592,-0.027501054108142853,0,0.14754895865917206,0.055110275745391846,0.9873772263526917,0,0,10.763899803161621,1.243499994277954,1
B2,mixamorig_Spine1,1,0.9838848114013672,0.07623590528964996,-0.15998835861682892,0,-0.08055441826581955,0.9962497353553772,-0.020493803545832634,0,0.158058762550354,0.03297312930226326,0.9868497848510742,0,0,13.063300132751465,0,1
B3,mixamorig_Spine2,2,0.9874343276023865,0.13619045913219452,-0.07485887408256531,0,-0.1170678436756134,0.9683631658554077,0.21837782859802246,0,0.102603480219841,-0.20716656744480133,0.9728403091430664,0,0,13.020500183105469,0,1
B4,mixamorig_Neck,3,0.9268664121627808,-0.09854340553283691,0.3608376085758209,0,0.19077622890472412,0.9545488357543945,-0.2287135273218155,0,-0.3218122720718384,0.2810906171798706,0.9035691022872925,0,-0.011900000274181366,24.670700073242188,2.02810001373291,1
B5,mixamorig_Head,4,0.9207725524902344,-0.15352129936218262,0.3574535846710205,0,0.3284217119216919,0.7986454367637634,-0.5040076971054077,0,-0.20808842778205872,0.5812930464744568,0.7860522866249084,0,0,8.817299842834473,6.10260009765625,1
B6,mixamorig_HeadTop_End,5,1,0,0,0,0,1,0,0,0,0,1,0,0,20.493900299072266,-0.2824999988079071,1
B7,mixamorig_LeftShoulder,3,-0.1924644112586975,-0.07159047573804855,-0.9780504703521729,0,0.9793704748153687,-0.06515581905841827,-0.18794333934783936,0,-0.050448521971702576,-0.9952898025512695,0.0826110690832138,0,9.553600311279297,16.065399169921875,-5.227799892425537,1
B8,mixamorig_LeftArm,7,0.2447884976863861,-0.9474968314170837,0.18986697494983673,0,0.6965170502662659,0.31041231751441956,0.6449828743934631,0,-0.6734004616737366,-0.027423430234193802,0.7357687950134277,0,0,18.035499572753906,0,1
B9,mixamorig_LeftForeArm,8,0.5985893607139587,0.2746361196041107,0.7515273690223694,0,-0.46016642451286316,0.8836489915847778,0.043864261358976364,0,-0.6515952348709106,-0.37185734510421753,0.6581125259399414,0,0,26.41510009765625,0,1
B10,mixamorig_LeftHand,9,1,0,0,0,0,1,0,0,0,0,1,0,0,26.753400802612305,0,1
B11,mixamorig_RightShoulder,3,0.6987962126731873,-0.18662261962890625,0.6888083815574646,0,-0.579841136932373,0.41348031163215637,0.7002961039543152,0,-0.41645288467407227,-0.8908568620681763,0.18141677975654602,0,-9.553600311279297,16.065399169921875,-5.227799892425537,1
B12,mixamorig_RightArm,11,0.28592649102211,0.5918493866920471,-0.7523570656776428,0,-0.8326942920684814,0.5381338596343994,0.10771574079990387,0,0.47057661414146423,0.5980391502380371,0.6458908915519714,0,0,17.95509910583496,0,1
B13,mixamorig_RightForeArm,12,0.4296022355556488,-0.8278021216392517,-0.3539348244667053,0,0.8989986181259155,0.4075736105442047,0.14253182709217072,0,0.027263924479484558,-0.37771686911582947,0.9237441420555115,0,0,26.41510009765625,0,1
B14,mixamorig_RightHand,13,0.5915042757987976,-0.7195019125938416,0.35487109422683716,0,0.7911759614944458,0.596878170967102,-0.10871895402669907,0,-0.13573524355888367,0.3459256589412689,0.9280903935432434,0,0,26.753400802612305,0,1
B15,mixamorig_RightHandIndex1,14,0.9742991924285889,-0.15235716104507446,0.16365960240364075,0,0.07264812290668488,0.9090036153793335,0.40733373165130615,0,-0.21016524732112885,-0.38551199436187744,0.8969210386276245,0,8.654199600219727,18.447799682617188,-1.479599952697754,1
B16,mixamorig_RightHandIndex2,15,0.9987035989761353,0.048373833298683167,0.01583568938076496,0,-0.050799377262592316,0.9638312458992004,0.25951939821243286,0,-0.002710213651880622,-0.25998806953430176,0.9650390148162842,0,0,7.514400005340576,0,1
B17,mixamorig_RightHandIndex3,16,0.9996044635772705,0.018093334510922432,0.02153295837342739,0,-0.017578186467289925,0.9995177388191223,-0.023844627663493156,0,-0.021954357624053955,0.023456627503037453,0.9994401335716248,0,0,7.4893999099731445,0,1
B18,mixamorig_RightHandIndex4,17,1,0,0,0,0,1,0,0,0,0,1,0,0,6.769700050354004,0,1
B19,mixamorig_RightHandPinky1,14,0.0542929507791996,0.3065893054008484,-0.949543297290802,0,0.19243082404136658,0.9298807382583618,0.3113032281398773,0,0.9797711372375488,-0.19965675473213196,-0.008203106001019478,0,-10.003100395202637,17.50779914855957,0.4779999852180481,1
B20,mixamorig_RightHandPinky2,19,0.9661317467689514,0.25446072220802307,-0.028333300724625587,0,-0.25420114398002625,0.9406469464302063,-0.2214040756225586,0,-0.03040689043700695,0.22109948098659515,0.9745131134986877,0,0,7.0441999435424805,0,1
B21,mixamorig_RightHandPinky3,20,0.9267799854278564,0.35798734426498413,-0.10147497057914734,0,-0.3716500401496887,0.9031418561935425,-0.2073717713356018,0,0.016235213726758957,0.23021291196346283,0.9726947546005249,0,0,7.07889986038208,0,1
B22,mixamorig_RightHandPinky4,21,1,0,0,0,0,1,0,0,0,0,1,0,0,7.0929999351501465,0,1
B23,mixamorig_RightHandThumb1,14,0.6388007402420044,-0.7449226379394531,-0.19040346145629883,0,0.5522283911705017,0.2721158564090729,0.7858244776725769,0,-0.532927930355072,-0.6085391640663147,0.5855123996734619,0,6.16349983215332,2.492300033569336,4.446400165557861,1
B24,mixamorig_RightHandThumb2,23,0.8760380744934082,0.4433079659938812,-0.1898304969072342,0,-0.4656044840812683,0.8800329566001892,-0.09356556832790375,0,0.12557879090309143,0.1703527569770813,0.9773485064506531,0,0,10.472999572753906,0,1
B25,mixamorig_RightHandThumb3,24,0.9656875729560852,0.24081900715827942,-0.09722920507192612,0,-0.24959494173526764,0.9640424847602844,-0.09124139696359634,0,0.07176067680120468,0.11237870156764984,0.9910710453987122,0,0,8.498800277709961,0,1
B26,mixamorig_RightHandThumb4,25,1,0,0,0,0,1,0,0,0,0,1,0,0,8.025300025939941,0,1
B27,mixamorig_LeftUpLeg,0,-0.8138536214828491,-0.5754530429840088,0.030079122632741928,0,0.5765301585197449,-0.8047465085983276,0.1149187982082367,0,-0.04641181603074074,0.11148651689291,0.9899299144744873,0,13.656000137329102,-7.135300159454346,0.12970000505447388,1
B28,mixamorig_LeftLeg,27,0.9974835515022278,-0.043192218989133835,0.049841299653053284,0,0.06701838225126266,0.5881752967834473,-0.8040311932563782,0,0.004983162973076105,0.8053015470504761,0.589755117893219,0,0,35.94969940185547,0,1
B29,mixamorig_LeftFoot,28,0.9531427621841431,-0.29467374086380005,-0.052658576518297195,0,0.26164355874061584,0.7407137751579285,0.6041629314422607,0,-0.14446526765823364,-0.588945209980011,0.7850171327590942,0,0,34.4093017578125,0,1
B30,mixamorig_LeftToeBase,29,0.8782064318656921,-0.40056052803993225,-0.2311410903930664,0,0.19730103015899658,-0.1310320347547531,0.9712221622467041,0,-0.4202876687049866,-0.8985493779182434,-0.03865627571940422,0,0,21.288000106811523,0,1
B31,mixamorig_LeftToe_End,30,1,0,0,0,0,1,0,0,0,0,1,0,0,16.883800506591797,0,1
B32,mixamorig_RightUpLeg,0,-0.8635690808296204,-0.04476951062679291,-0.4996638894081116,0,-0.2872539758682251,-0.7745031714439392,0.5574122071266174,0,-0.4117325246334076,0.6250054240226746,0.656014084815979,0,-13.656000137329102,-7.135200023651123,0.12970000505447388,1
B33,mixamorig_RightLeg,32,0.9833771586418152,-0.1797722429037094,-0.0053855739533901215,0,0.04681748151779175,0.2924708127975464,-0.9528295993804932,0,0.1736741065979004,0.9366596937179565,0.29632192850112915,0,0,35.94969940185547,0,1
B34,mixamorig_RightFoot,33,0.9835982918739319,0.1244085431098938,0.12992486357688904,0,-0.14502030611038208,0.12005622684955597,0.9820489287376404,0,0.10650929808616638,-0.9848223924636841,0.1361994594335556,0,0,34.4093017578125,0,1
B35,mixamorig_RightToeBase,34,0.9627378582954407,0.2702910900115967,-0.00883298460394144,0,-0.1682766079902649,0.624305009841919,0.7628398537635803,0,0.21170373260974884,-0.7329288721084595,0.6465261578559875,0,0,21.288000106811523,0,1
B36,mixamorig_RightToe_End,35,1,0,0,0,0,1,0,0,0,0,1,0,0,16.883800506591797,0,1
@30,0,1,2,3,4,5,7,8,9,11,12,13,14,15,16,17,19,20,21,23,24,25,27,28,29,30,32,33,34,35
K0.000,0.9998199939727783,-0.01894799992442131,0.00004199999966658652,0,0.01894799992442131,0.9998109936714172,-0.004403000231832266,0,0.00004199999966658652,0.004403000231832266,0.9999899864196777,0,-0.000024000000848900527,80.53297424316406,0.00001700000029813964,1,0.9999570250511169,0.009019000455737114,-0.0021269998978823423,0,-0.007954999804496765,0.9532309770584106,0.30213698744773865,0,0.0047530001029372215,-0.3021070063114166,0.9532619714736938,0,0,10.763899803161621,1.243499994277954,1,0.9998409748077393,0.0177180003374815,-0.0020459999796003103,0,-0.01657399907708168,0.9653779864311218,0.2603299915790558,0,0.006587999872863293,-0.26025399565696716,0.9655179977416992,0,0,13.063300132751465,0,1,0.9998760223388672,0.015675999224185944,-0.001366000040434301,0,-0.014630000106990337,0.9580469727516174,0.28623801469802856,0,0.005795999895781279,-0.2861829996109009,0.9581570029258728,0,0,13.020500183105469,0,1,0.9998700022697449,0.0013889999827370048,0.01607000082731247,0,-0.0022219999227672815,0.9986460208892822,0.051979001611471176,0,-0.01597600057721138,-0.052007999271154404,0.9985190033912659,0,-0.011900000274181366,24.670700073242188,2.02810001373291,1,0.9982709884643555,-0.043164998292922974,-0.03989800065755844,0,0.025294000282883644,0.9281719923019409,-0.371289998292923,0,0.05305900052189827,0.36963900923728943,0.9276589751243591,0,0,8.817299842834473,6.10260009765625,1,0.25391700863838196,0.33055898547172546,-0.9089869856834412,0,0.933588981628418,0.1619260013103485,0.3196749985218048,0,0.25286000967025757,-0.9297909736633301,-0.2674899995326996,0,9.553600311279297,16.065399169921875,-5.227799892425537,1,0.7789499759674072,0.2758600115776062,0.5631499886512756,0,-0.5690010190010071,0.688398003578186,0.44982901215553284,0,-0.2635819911956787,-0.6708269715309143,0.6931920051574707,0,0,18.035499572753906,0,1,0.6131349802017212,0.7894719839096069,0.028277000412344933,0,-0.7552490234375,0.5753080248832703,0.3140380084514618,0,0.2316560000181198,-0.2139039933681488,0.9489889740943909,0,0,26.41510009765625,0,1,0.1832589954137802,-0.3020409941673279,0.9355149865150452,0,-0.9517530202865601,0.18375299870967865,0.2457669973373413,0,-0.24613499641418457,-0.9354180097579956,-0.25379401445388794,0,-9.553600311279297,16.065399169921875,-5.227799892425537,1,0.8477240204811096,-0.16566500067710876,-0.5039039850234985,0,0.48669201135635376,0.6207029819488525,0.6147029995918274,0,0.21094000339508057,-0.7663440108299255,0.6068120002746582,0,0,17.95509910583496,0,1,0.3874660134315491,-0.8661019802093506,-0.31581199169158936,0,0.9208179712295532,0.38006699085235596,0.08742199838161469,0,0.04431299865245819,-0.3246780037879944,0.944786012172699,0,0,26.41510009765625,0,1,0.9156990051269531,0.4003230035305023,-0.03516500070691109,0,-0.36198100447654724,0.8596619963645935,0.3604860007762909,0,0.17454099655151367,-0.3173680007457733,0.9321010112762451,0,0,26.753400802612305,0,1,0.8424649834632874,-0.4387100040912628,0.3127079904079437,0,0.21380700170993805,0.8050209879875183,0.5533789992332458,0,-0.4945090115070343,-0.39934399724006653,0.7720010280609131,0,8.654199600219727,18.447799682617188,-1.479599952697754,1,0.9743130207061768,-0.21068599820137024,-0.0795380026102066,0,0.2216459959745407,0.8346350193023682,0.504239022731781,0,-0.03985099866986275,-0.5089160203933716,0.8598930239677429,0,0,7.514400005340576,0,1,0.9682700037956238,-0.23155899345874786,-0.09399300068616867,0,0.24514399468898773,0.9531599879264832,0.1771710067987442,0,0.04856399819254875,-0.1945910006761551,0.9796810150146484,0,0,7.4893999099731445,0,1,0.021648000925779343,0.5878909826278687,-0.8086509704589844,0,0.5185229778289795,0.6849480271339417,0.5118399858474731,0,0.8547899723052979,-0.4303840100765228,-0.29000699520111084,0,-10.003100395202637,17.50779914855957,0.4779999852180481,1,0.859827995300293,0.5105839967727661,0.00022000000171829015,0,-0.5105839967727661,0.8598269820213318,0.0009089999948628247,0,0.0002749999985098839,-0.000893999997060746,1,0,0,7.0441999435424805,0,1,0.7526299953460693,0.6584429740905762,0.000375000003259629,0,-0.6584439873695374,0.7526299953460693,0.0006639999919570982,0,0.00015500000154133886,-0.0007459999760612845,1,0,0,7.07889986038208,0,1,0.6372799873352051,-0.701117992401123,0.31985700130462646,0,0.23419399559497833,0.5716249942779541,0.7863829731941223,0,-0.734184980392456,-0.42623698711395264,0.5284820199012756,0,6.16349983215332,2.492300033569336,4.446400165557861,1,0.9074400067329407,0.4150890111923218,0.06522300094366074,0,-0.3800179958343506,0.8769819736480713,-0.29409098625183105,0,-0.17927299439907074,0.24208399653434753,0.9535490274429321,0,0,10.472999572753906,0,1,0.9422839879989624,0.29955899715423584,0.14955300092697144,0,-0.24067500233650208,0.9165350198745728,-0.3194369971752167,0,-0.2327599972486496,0.26500600576400757,0.9357320070266724,0,0,8.498800277709961,0,1,-0.8855730295181274,-0.3652710020542145,0.2869440019130707,0,0.46441999077796936,-0.7076650261878967,0.5324699878692627,0,0.008565000258386135,0.6048039793968201,0.7963280081748962,0,13.656000137329102,-7.135300159454346,0.12970000505447388,1,0.9836949706077576,-0.17158900201320648,0.053874000906944275,0,0.13942399621009827,0.5383599996566772,-0.8311010003089905,0,0.11360400170087814,0.825061023235321,0.5535060167312622,0,0,35.94969940185547,0,1,0.9733840227127075,-0.13575999438762665,-0.18464399874210358,0,0.22647599875926971,0.4463619887828827,0.8657190203666687,0,-0.03511200100183487,-0.8844940066337585,0.46522799134254456,0,0,34.4093017578125,0,1,0.9744210243225098,-0.16631299257278442,-0.1511400043964386,0,0.22311100363731384,0.6353800296783447,0.7392659783363342,0,-0.026917999610304832,-0.7540770173072815,0.6562340259552002,0,0,21.288000106811523,0,1,-0.8954499959945679,0.20038600265979767,-0.39751100540161133,0,-0.4018160104751587,-0.7481799721717834,0.5279880166053772,0,-0.1916089951992035,0.6325129866600037,0.7504760026931763,0,-13.656000137329102,-7.135200023651123,0.12970000505447388,1,0.9917880296707153,0.06572999805212021,0.10970699787139893,0,0.05522099882364273,0.5536389946937561,-0.8309239745140076,0,-0.11535400152206421,0.8301590085029602,0.5454630255699158,0,0,35.94969940185547,0,1,0.9706000089645386,0.20914900302886963,0.11913000047206879,0,-0.20313000679016113,0.4462299942970276,0.8715599775314331,0,0.12912599742412567,-0.8701350092887878,0.47559601068496704,0,0,34.4093017578125,0,1,0.962643027305603,0.2707050144672394,-0.0061610001139342785,0,-0.16846400499343872,0.6165720224380493,0.7690629959106445,0,0.21198800206184387,-0.7392950057983398,0.6391429901123047,0,0,21.288000106811523,0,1
K0.033,0.9998310208320618,-0.0169999897480011,-0.0069640567526221275,0,0.01699298806488514,0.9998549818992615,-0.0010179667733609676,0,0.006980055943131447,0.0008999659330584109,0.9999750256538391,0,-0.09718640148639679,80.58757019042969,-0.008717666380107403,1,0.9999499917030334,0.009949023835361004,-0.0009719707304611802,0,-0.009195031598210335,0.9536100029945374,0.30090296268463135,0,0.0039209784008562565,-0.30087897181510925,0.9536539912223816,0,0,10.763899803161621,1.243499994277954,1,0.9998369812965393,0.018042007461190224,-0.0011709777172654867,0,-0.017124012112617493,0.9657899737358093,0.2587609589099884,0,0.005798980128020048,-0.258698970079422,0.9659410119056702,0,0,13.063300132751465,0,1,0.9998739957809448,0.015848003327846527,-0.00037997489562258124,0,-0.015071011148393154,0.9577500224113464,0.2872070372104645,0,0.004915977828204632,-0.287166029214859,0.9578679800033569,0,0,13.020500183105469,0,1,0.9998700022697449,0.0013889999827370048,0.01607000082731247,0,-0.0022219999227672815,0.9986460208892822,0.051979001611471176,0,-0.01597600057721138,-0.052007999271154404,0.9985190033912659,0,-0.011900000274181366,24.670700073242188,2.02810001373291,1,0.9982709884643555,-0.043164998292922974,-0.03989800065755844,0,0.025294000282883644,0.9281719923019409,-0.371289998292923,0,0.05305900052189827,0.36963900923728943,0.9276589751243591,0,0,8.817299842834473,6.10260009765625,1,0.252269983291626,0.32777491211891174,-0.9104520678520203,0,0.9337900280952454,0.16428206861019135,0.3178809583187103,0,0.2537640333175659,-0.9303629994392395,-0.26462990045547485,0,9.553600311279297,16.065399169921875,-5.227799892425537,1,0.7835681438446045,0.2813411355018616,0.5539567470550537,0,-0.567578911781311,0.6868219375610352,0.4540151059627533,0,-0.2527366876602173,-0.670166015625,0.6978551149368286,0,0,18.035499572753906,0,1,0.6034417152404785,0.7968301773071289,0.03032705746591091,0,-0.7625392079353333,0.5655146837234497,0.3142090141773224,0,0.23322103917598724,-0.2127329707145691,0.948868989944458,0,0,26.41510009765625,0,1,0.18095794320106506,-0.2983209192752838,0.9371550679206848,0,-0.9525169730186462,0.184098020195961,0.24252791702747345,0,-0.24487997591495514,-0.9365430474281311,-0.2508419156074524,0,-9.553600311279297,16.065399169921875,-5.227799892425537,1,0.8488559722900391,-0.16920408606529236,-0.5008129477500916,0,0.4874590337276459,0.6170758605003357,0.6177380681037903,0,0.20451582968235016,-0.7684970498085022,0.6062890291213989,0,0,17.95509910583496,0,1,0.3862609565258026,-0.8668699860572815,-0.3151819705963135,0,0.9214400053024292,0.37813496589660645,0.08922605216503143,0,0.04183392971754074,-0.3248859941959381,0.9448279738426208,0,0,26.41510009765625,0,1,0.9201971292495728,0.3903937339782715,-0.028804829344153404,0,-0.35561081767082214,0.8644331097602844,0.3553808629512787,0,0.1636376976966858,-0.31677696108818054,0.9342780709266663,0,0,26.753400802612305,0,1,0.8442440629005432,-0.4356608986854553,0.31217196583747864,0,0.21162593364715576,0.8060979843139648,0.5526480078697205,0,-0.4924089312553406,-0.40050601959228516,0.7727410197257996,0,8.654199600219727,18.447799682617188,-1.479599952697754,1,0.9749580025672913,-0.2082909345626831,-0.07792095839977264,0,0.21886391937732697,0.836552083492279,0.5022729635238647,0,-0.03943398967385292,-0.5067499279975891,0.8611910343170166,0,0,7.514400005340576,0,1,0.9690039753913879,-0.22922293841838837,-0.09213494509458542,0,0.24237892031669617,0.9542580246925354,0.1750529408454895,0,0.04779497906565666,-0.19195891916751862,0.9802380204200745,0,0,7.4893999099731445,0,1,0.02164899930357933,0.5856499671936035,-0.8102750778198242,0,0.5151448845863342,0.6880590319633484,0.5110790133476257,0,0.8568300604820251,-0.42847293615341187,-0.2867989242076874,0,-10.003100395202637,17.50779914855957,0.4779999852180481,1,0.8611560463905334,0.5083409547805786,-0.00021601206390187144,0,-0.5083409547805786,0.8611540794372559,-0.0019440791802480817,0,-0.0008030292228795588,0.0017840745858848095,0.9999979734420776,0,0,7.0441999435424805,0,1,0.7542030811309814,0.6566399335861206,-0.0010620398679748178,0,-0.6566409468650818,0.7542010545730591,-0.0020570755004882812,0,-0.0005500187398865819,0.0022490830160677433,0.9999970197677612,0,0,7.07889986038208,0,1,0.6385640501976013,-0.7021750211715698,0.31493884325027466,0,0.23653505742549896,0.568511962890625,0.7879370450973511,0,-0.7323169112205505,-0.4286540448665619,0.5291200280189514,0,6.16349983215332,2.492300033569336,4.446400165557861,1,0.9076589941978455,0.4150489866733551,0.06236492097377777,0,-0.3810500204563141,0.8771989941596985,-0.2921019494533539,0,-0.17594291269779205,0.241363987326622,0.9543520212173462,0,0,10.472999572753906,0,1,0.9430029988288879,0.2986169755458832,0.14687593281269073,0,-0.24105902016162872,0.9172289967536926,-0.3171449303627014,0,-0.2294239103794098,0.2636629641056061,0.9369350671768188,0,0,8.498800277709961,0,1,-0.89143306016922,-0.35890993475914,0.2766418755054474,0,0.45314687490463257,-0.7091680765151978,0.5401290655136108,0,0.002327927853912115,0.6068480014801025,0.7948150038719177,0,13.656000137329102,-7.135300159454346,0.12970000505447388,1,0.9855800271034241,-0.16150684654712677,0.05046897754073143,0,0.13151590526103973,0.5435011386871338,-0.8290419578552246,0,0.10646587610244751,0.8237249255180359,0.556904137134552,0,0,35.94969940185547,0,1,0.9730920195579529,-0.14407013356685638,-0.1798219531774521,0,0.2262050211429596,0.4487590491771698,0.8645499348640442,0,-0.04385912045836449,-0.8819629549980164,0.46927309036254883,0,0,34.4093017578125,0,1,0.9744210243225098,-0.16844801604747772,-0.14875797927379608,0,0.22311300039291382,0.645844042301178,0.7301409244537354,0,-0.02691599912941456,-0.7446549534797668,0.6669070720672607,0,0,21.288000106811523,0,1,-0.8929719924926758,0.20135699212551117,-0.4025620222091675,0,-0.40588000416755676,-0.7468429803848267,0.5267699956893921,0,-0.19458302855491638,0.6337829828262329,0.7486370205879211,0,-13.656000137329102,-7.135200023651123,0.12970000505447388,1,0.9913409948348999,0.06893198937177658,0.11176096647977829,0,0.05510897934436798,0.554131031036377,-0.8306030035018921,0,-0.11918598413467407,0.8295699954032898,0.545534074306488,0,0,35.94969940185547,0,1,0.9709069728851318,0.2087029665708542,0.11740199476480484,0,-0.2011069804430008,0.44453901052474976,0.8728929758071899,0,0.1299859881401062,-0.8711079955101013,0.47357699275016785,0,0,34.4093017578125,0,1,0.9627699851989746,0.2701769471168518,-0.00881796795874834,0,-0.16840900480747223,0.6250010132789612,0.762241005897522,0,0.21145093441009521,-0.7323780059814453,0.6472330093383789,0,0,21.288000106811523,0,1
K0.067,0.9997940063476562,-0.015880011022090912,-0.012623944319784641,0,0.015910010784864426,0.999871015548706,0.002301967004314065,0,0.01258594449609518,-0.002502966206520796,0.9999179840087891,0,-0.3373166024684906,80.7445297241211,-0.07534333318471909,1,0.999921977519989,0.012334976345300674,0.0019569708965718746,0,-0.012358968146145344,0.9546120166778564,0.2975950241088867,0,0.0018030210630968213,-0.2975960373878479,0.9546899795532227,0,0,10.763899803161621,1.243499994277954,1,0.9998210072517395,0.01886899210512638,0.0010479779448360205,0,-0.018513986840844154,0.9668560028076172,0.2546490430831909,0,0.0037920200265944004,-0.25462302565574646,0.9670330286026001,0,0,13.063300132751465,0,1,0.9998649954795837,0.016269996762275696,0.0021299750078469515,0,-0.01618998870253563,0.9569780230522156,0.2897099554538727,0,0.002675022464245558,-0.28970497846603394,0.9571120142936707,0,0,13.020500183105469,0,1,0.9998700022697449,0.0013889999827370048,0.01607000082731247,0,-0.0022219999227672815,0.9986460208892822,0.051979001611471176,0,-0.01597600057721138,-0.052007999271154404,0.9985190033912659,0,-0.011900000274181366,24.670700073242188,2.02810001373291,1,0.9982709884643555,-0.043164998292922974,-0.03989800065755844,0,0.025294000282883644,0.9281719923019409,-0.371289998292923,0,0.05305900052189827,0.36963900923728943,0.9276589751243591,0,0,8.817299842834473,6.10260009765625,1,0.248367041349411,0.32009708881378174,-0.9142489433288574,0,0.9339669942855835,0.17121993005275726,0.3136710226535797,0,0.2569429576396942,-0.9317839741706848,-0.2564340829849243,0,9.553600311279297,16.065399169921875,-5.227799892425537,1,0.7957038879394531,0.2954798638820648,0.5287222266197205,0,-0.5628270506858826,0.683241069316864,0.465195894241333,0,-0.2237892895936966,-0.6677380204200745,0.7099608778953552,0,0,18.035499572753906,0,1,0.5763112902641296,0.8164348006248474,0.03604194521903992,0,-0.7819788455963135,0.5381022691726685,0.31457099318504333,0,0.23743195831775665,-0.20947502553462982,0.9485499858856201,0,0,26.41510009765625,0,1,0.17448405921459198,-0.28800907731056213,0.9415979385375977,0,-0.9545860290527344,0.1850549876689911,0.2334950864315033,0,-0.2414960265159607,-0.9395769238471985,-0.24264007806777954,0,-9.553600311279297,16.065399169921875,-5.227799892425537,1,0.8516219854354858,-0.17866291105747223,-0.4927670955657959,0,0.48937496542930603,0.6077741384506226,0.6253969669342041,0,0.18775616586208344,-0.7737499475479126,0.6050270199775696,0,0,17.95509910583496,0,1,0.38386303186416626,-0.8686820268630981,-0.3131140172481537,0,0.9227290153503418,0.3736880421638489,0.09448795020580292,0,0.034927066415548325,-0.325190007686615,0.9450029730796814,0,0,26.41510009765625,0,1,0.9318288564682007,0.3627112805843353,-0.011680170893669128,0,-0.3372971713542938,0.8775158524513245,0.34087714552879333,0,0.133889302611351,-0.31369903683662415,0.9400349259376526,0,0,26.753400802612305,0,1,0.8491219282150269,-0.4271920919418335,0.3106430172920227,0,0.20558105409145355,0.8090360164642334,0.5506340265274048,0,-0.48654705286026,-0.40369296073913574,0.7747930288314819,0,8.654199600219727,18.447799682617188,-1.479599952697754,1,0.9767060279846191,-0.20159906148910522,-0.07350204139947891,0,0.2111380696296692,0.8417949676513672,0.4967920482158661,0,-0.038279011845588684,-0.5007390379905701,0.864751935005188,0,0,7.514400005340576,0,1,0.9709920287132263,-0.2227010577917099,-0.08705305308103561,0,0.23471006751060486,0.9572359919548035,0.16914406418800354,0,0.04566202312707901,-0.1846700757741928,0.9817389845848083,0,0,7.4893999099731445,0,1,0.021692000329494476,0.5794440507888794,-0.8147229552268982,0,0.5057371258735657,0.6965999603271484,0.5088989734649658,0,0.8624149560928345,-0.4230750501155853,-0.27793610095977783,0,-10.003100395202637,17.50779914855957,0.4779999852180481,1,0.8647979497909546,0.5021170377731323,-0.0014219880104064941,0,-0.5021060705184937,0.8647499680519104,-0.009860921651124954,0,-0.003721970831975341,0.009241925552487373,0.9999499917030334,0,0,7.0441999435424805,0,1,0.7585389614105225,0.6516080498695374,-0.005043960642069578,0,-0.6516230702400208,0.7584829330444336,-0.009594925679266453,0,-0.002425981452688575,0.010564916767179966,0.9999409914016724,0,0,7.07889986038208,0,1,0.6420199275016785,-0.7050129771232605,0.3012751638889313,0,0.24302193522453308,0.5598280429840088,0.7921699285507202,0,-0.7271520495414734,-0.4353729486465454,0.5307549834251404,0,6.16349983215332,2.492300033569336,4.446400165557861,1,0.9082000255584717,0.4149779975414276,0.05445607751607895,0,-0.38389697670936584,0.8777819871902466,-0.2865690588951111,0,-0.16672009229660034,0.23935700953006744,0.9565110206604004,0,0,10.472999572753906,0,1,0.9449399709701538,0.29604002833366394,0.13945907354354858,0,-0.24208998680114746,0.9191359877586365,-0.3107760548591614,0,-0.2201830893754959,0.25990304350852966,0.9401969313621521,0,0,8.498800277709961,0,1,-0.8969659209251404,-0.35441702604293823,0.2642761170864105,0,0.44207412004470825,-0.7124249339103699,0.5449969172477722,0,-0.004879928193986416,0.6056730151176453,0.7956990003585815,0,13.656000137329102,-7.135300159454346,0.12970000505447388,1,0.9880599975585938,-0.14630715548992157,0.04828202351927757,0,0.12239009141921997,0.5550099015235901,-0.8227910399436951,0,0.0935831293463707,0.8188760876655579,0.5662899017333984,0,0,35.94969940185547,0,1,0.9719679951667786,-0.15712685883045197,-0.17489604651927948,0,0.22837698459625244,0.4541919529438019,0.8611350655555725,0,-0.055871881544589996,-0.8769380450248718,0.47734490036964417,0,0,34.4093017578125,0,1,0.9744210243225098,-0.1696769893169403,-0.1473570168018341,0,0.2231139987707138,0.6518829464912415,0.7247540354728699,0,-0.026914000511169434,-0.7390930652618408,0.6730649471282959,0,0,21.288000106811523,0,1,-0.8924379944801331,0.1999090164899826,-0.4044629633426666,0,-0.4057210087776184,-0.7477200031280518,0.525646984577179,0,-0.19734397530555725,0.6332070231437683,0.7484009861946106,0,-13.656000137329102,-7.135200023651123,0.12970000505447388,1,0.9916719794273376,0.0683480054140091,0.10915402323007584,0,0.052734021097421646,0.5577529668807983,-0.8283299803733826,0,-0.11749501526355743,0.8271880149841309,0.5495039224624634,0,0,35.94969940185547,0,1,0.9715660214424133,0.20603102445602417,0.1166670098900795,0,-0.19929800927639008,0.445605993270874,0.8727629780769348,0,0.12782901525497437,-0.8711979985237122,0.47399699687957764,0,0,34.4093017578125,0,1,0.9643089771270752,0.26471805572509766,-0.005614031571894884,0,-0.1677429974079132,0.6271820068359375,0.7605950236320496,0,0.20486505329608917,-0.7325069904327393,0.6492019891738892,0,0,21.288000106811523,0,1
K0.100,0.9997339844703674,-0.015682000666856766,-0.01692499965429306,0,0.015773000195622444,0.999862015247345,0.005239999853074551,0,0.016839999705553055,-0.005504999775439501,0.9998430013656616,0,-0.7057039737701416,80.97679138183594,-0.20091499388217926,1,0.9998589754104614,0.015716999769210815,0.005872000008821487,0,-0.01674799993634224,0.9560610055923462,0.2926900088787079,0,-0.0010139999212697148,-0.29274699091911316,0.956188976764679,0,0,10.763899803161621,1.243499994277954,1,0.9997910261154175,0.0200360007584095,0.004002999980002642,0,-0.020401999354362488,0.9683480262756348,0.24876900017261505,0,0.0011080001713708043,-0.24879799783229828,0.9685549736022949,0,0,13.063300132751465,0,1,0.9998430013656616,0.016852999106049538,0.005491000134497881,0,-0.017721999436616898,0.955938994884491,0.29302799701690674,0,-0.0003109998651780188,-0.29308000206947327,0.9560880064964294,0,0,13.020500183105469,0,1,0.9998700022697449,0.0013889999827370048,0.01607000082731247,0,-0.0022219999227672815,0.9986460208892822,0.051979001611471176,0,-0.01597600057721138,-0.052007999271154404,0.9985190033912659,0,-0.011900000274181366,24.670700073242188,2.02810001373291,1,0.9982709884643555,-0.043164998292922974,-0.03989800065755844,0,0.025294000282883644,0.9281719923019409,-0.371289998292923,0,0.05305900052189827,0.36963900923728943,0.9276589751243591,0,0,8.817299842834473,6.10260009765625,1,0.2438330054283142,0.3085139989852905,-0.9194369912147522,0,0.933443009853363,0.18255199491977692,0.308802992105484,0,0.2631149888038635,-0.933538019657135,-0.2434680014848709,0,9.553600311279297,16.065399169921875,-5.227799892425537,1,0.8123819828033447,0.31473401188850403,0.49089500308036804,0,-0.5540080070495605,0.6792700290679932,0.48131901025772095,0,-0.1819629967212677,-0.6629739999771118,0.7261919975280762,0,0,18.035499572753906,0,1,0.5343629717826843,0.8440729975700378,0.044684998691082,0,-0.8093960285186768,0.49574199318885803,0.3148309886455536,0,0.24358800053596497,-0.20440199971199036,0.9480950236320496,0,0,26.41510009765625,0,1,0.16443799436092377,-0.27236899733543396,0.9480379819869995,0,-0.957584023475647,0.18648800253868103,0.21967199444770813,0,-0.23662999272346497,-0.943947970867157,-0.2301499992609024,0,-9.553600311279297,16.065399169921875,-5.227799892425537,1,0.8550159931182861,-0.192331001162529,-0.4816190004348755,0,0.49184900522232056,0.5951650142669678,0.6355029940605164,0,0.16441600024700165,-0.7802489995956421,0.6034730076789856,0,0,17.95509910583496,0,1,0.3820750117301941,-0.870818018913269,-0.309347003698349,0,0.9238089919090271,0.36874398589134216,0.10297700017690659,0,0.024396000429987907,-0.32512199878692627,0.9453570246696472,0,0,26.41510009765625,0,1,0.9471399784088135,0.3205319941043854,0.013614999130368233,0,-0.30802300572395325,0.8966699838638306,0.31797000765800476,0,0.08971100300550461,-0.3053559958934784,0.9480029940605164,0,0,26.753400802612305,0,1,0.8563690185546875,-0.4143030047416687,0.3081969916820526,0,0.19641399383544922,0.8133530020713806,0.5476120114326477,0,-0.4775499999523163,-0.4084239900112152,0.7779049873352051,0,8.654199600219727,18.447799682617188,-1.479599952697754,1,0.9792420268058777,-0.19130699336528778,-0.06698299944400787,0,0.19937600195407867,0.8495439887046814,0.4883899986743927,0,-0.03652799874544144,-0.49160701036453247,0.8700510263442993,0,0,7.514400005340576,0,1,0.9738799929618835,-0.21268099546432495,-0.07953300327062607,0,0.22306600213050842,0.9615700244903564,0.1600790023803711,0,0.042431000620126724,-0.17363899946212769,0.9838950037956238,0,0,7.4893999099731445,0,1,0.021862000226974487,0.570048987865448,-0.8213199973106384,0,0.49135199189186096,0.7093279957771301,0.5053979754447937,0,0.8706870079040527,-0.4146060049533844,-0.2645869851112366,0,-10.003100395202637,17.50779914855957,0.4779999852180481,1,0.8702149987220764,0.4926609992980957,-0.003246000036597252,0,-0.4926069974899292,0.8699759840965271,-0.02188899926841259,0,-0.007960000075399876,0.020647000521421432,0.9997550249099731,0,0,7.0441999435424805,0,1,0.765047013759613,0.6438789963722229,-0.011080999858677387,0,-0.6439549922943115,0.7647749781608582,-0.021017000079154968,0,-0.005057999864220619,0.023214999586343765,0.9997180104255676,0,0,7.07889986038208,0,1,0.6469780206680298,-0.7090550065040588,0.28046301007270813,0,0.2528490126132965,0.5465049743652344,0.7983729839324951,0,-0.7193650007247925,-0.4456149935722351,0.5328599810600281,0,6.16349983215332,2.492300033569336,4.446400165557861,1,0.9088389873504639,0.4149770140647888,0.04249899834394455,0,-0.3881720006465912,0.878616988658905,-0.2781279981136322,0,-0.15275800228118896,0.2362769991159439,0.9596030116081238,0,0,10.472999572753906,0,1,0.9477159976959229,0.2922230064868927,0.12822100520133972,0,-0.2435549944639206,0.9219769835472107,-0.30106300115585327,0,-0.20619399845600128,0.2540940046310425,0.9449449777603149,0,0,8.498800277709961,0,1,-0.9023249745368958,-0.3519349992275238,0.24890199303627014,0,0.43082499504089355,-0.7173659801483154,0.5475180149078369,0,-0.01413699984550476,0.6012719869613647,0.7989190220832825,0,13.656000137329102,-7.135300159454346,0.12970000505447388,1,0.9909669756889343,-0.12549400329589844,0.047290999442338943,0,0.1111840009689331,0.5716170072555542,-0.8129519820213318,0,0.0749880000948906,0.8108670115470886,0.5804070234298706,0,0,35.94969940185547,0,1,0.969743013381958,-0.17509399354457855,-0.17011700570583344,0,0.23348599672317505,0.46172699332237244,0.855741024017334,0,-0.07128699868917465,-0.8695690035820007,0.4886389970779419,0,0,34.4093017578125,0,1,0.9744200110435486,-0.17000199854373932,-0.14698299765586853,0,0.22311599552631378,0.6534860134124756,0.7233089804649353,0,-0.026913000270724297,-0.7376009821891785,0.6747000217437744,0,0,21.288000106811523,0,1,-0.8938220143318176,0.19665800034999847,-0.4029980003833771,0,-0.40173399448394775,-0.7504600286483765,0.5248050093650818,0,-0.1992260068655014,0.6309800148010254,0.7497820258140564,0,-13.656000137329102,-7.135200023651123,0.12970000505447388,1,0.9927650094032288,0.06438499689102173,0.1013529971241951,0,0.04764299839735031,0.5635830163955688,-0.8246840238571167,0,-0.11021800339221954,0.8235459923744202,0.5564380288124084,0,0,35.94969940185547,0,1,0.9725450277328491,0.20114800333976746,0.11703100055456161,0,-0.19772900640964508,0.4490399956703186,0.8713589906692505,0,0.12272000312805176,-0.870576024055481,0.4764840006828308,0,0,34.4093017578125,0,1,0.964290976524353,0.2647860050201416,-0.005594000220298767,0,-0.16780099272727966,0.6271640062332153,0.7605969905853271,0,0.2049040049314499,-0.7324979901313782,0.6492000222206116,0,0,21.288000106811523,0,1
