5.300,30,159,65
B0,mixamorig_Hips,-1,0.9997704029083252,-0.021387681365013123,0.001158594386652112,0,0.021396204829216003,0.9997369647026062,-0.008250684477388859,0,-0.0009819220285862684,0.008273733779788017,0.9999655485153198,0,0.0754203051328659,85.2326889038086,0.6476233601570129,1
B1,mixamorig_Spine,0,0.9999406337738037,0.010488774627447128,-0.003071053419262171,0,-0.010084394365549088,0.993804395198822,0.11068534106016159,0,0.0042124344035983086,-0.11064796149730682,0.993850827217102,0,0,10.198463439941406,-1.858523964881897,1
B2,mixamorig_Spine1,1,0.9998658895492554,0.01636418141424656,-0.0007754111429676414,0,-0.015154465101659298,0.9418479800224304,0.33569425344467163,0,0.00622399989515543,-0.3356378674507141,0.9419694542884827,0,0,12.09416389465332,0,1
B3,mixamorig_Spine2,2,0.9998621344566345,0.016567010432481766,-0.0008668778464198112,0,-0.01596805453300476,0.9752326011657715,0.22060509026050568,0,0.004499627742916346,-0.22056110203266144,0.9753624200820923,0,0,13.821894645690918,0,1
B4,mixamorig_Neck,3,0.9998838901519775,-0.002734559355303645,0.014978974126279354,0,-0.0003108133969362825,0.9798629283905029,0.1996488869190216,0,-0.015224743634462357,-0.19963060319423676,0.9797490239143372,0,0,15.549641609191895,0.000003000000106112566,1
B5,mixamorig_Head,4,0.9979777336120605,-0.043608494102954865,-0.04623968154191971,0,0.02153703197836876,0.9164820909500122,-0.3994944989681244,0,0.05979921668767929,0.3976905643939972,0.9155682325363159,0,0,8.837799072265625,4.542162895202637,1
B6,mixamorig_HeadTop_End,5,1,0,0,0,0,1,0,0,0,0,1,0,0,18.804244995117188,9.664388656616211,1
B7,mixamorig_LeftShoulder,3,0.28285539150238037,0.3213973045349121,-0.9037121534347534,0,0.9455563426017761,-0.2515687048435211,0.2064843326807022,0,-0.16098283231258392,-0.9129164218902588,-0.3750571012496948,0,7.025269985198975,13.487070083618164,-0.3765609860420227,1
B8,mixamorig_LeftArm,7,0.8464045524597168,0.34451645612716675,0.4060693383216858,0,-0.46552595496177673,0.8489682674407959,0.2500508427619934,0,-0.2585905194282532,-0.40068912506103516,0.8789624571800232,0,0,14.745989799499512,0,1
B9,mixamorig_LeftForeArm,8,0.6308543682098389,0.7697182893753052,0.09766608476638794,0,-0.7201048135757446,0.5339750647544861,0.44305962324142456,0,0.2888840138912201,-0.34983572363853455,0.8911559581756592,0,0,23.62394142150879,0,1
B10,mixamorig_LeftHand,9,0.7219539284706116,0.21594810485839844,0.6573804020881653,0,-0.3280588984489441,0.9433112144470215,0.050407517701387405,0,-0.6092290282249451,-0.25205135345458984,0.7518707513809204,0,0,25.23116683959961,0,1
B11,mixamorig_LeftHandThumb1,10,0.7810326218605042,0.19754661619663239,-0.5924220085144043,0,0.24777339398860931,0.7727590203285217,0.5843390226364136,0,0.5732330083847046,-0.6031743288040161,0.5546029806137085,0,-3.540332078933716,3.51690411567688,1.9726940393447876,1
B12,mixamorig_LeftHandThumb2,11,0.9897419810295105,-0.14109399914741516,0.022450381889939308,0,0.14266200363636017,0.9675679802894592,-0.20846900343894958,0,0.007691000122576952,0.20953300595283508,0.977770984172821,0,-1.169281005859375,4.130488872528076,0,1
B13,mixamorig_LeftHandThumb3,12,0.996425986289978,-0.08289399743080139,-0.01623700000345707,0,0.07752499729394913,0.973783016204834,-0.21386000514030457,0,0.033539000898599625,0.21183699369430542,0.9767289757728577,0,0.07837499678134918,4.1097798347473145,0,1
B14,mixamorig_LeftHandThumb4,13,1,0,0,0,0,1,0,0,0,0,1,0,1.090906023979187,3.6987240314483643,0,1
B15,mixamorig_LeftHandIndex1,10,0.9991499781608582,-0.040059998631477356,-0.009763380512595177,0,0.04060899838805199,0.9150230288505554,0.40135300159454346,0,-0.007143999915570021,-0.40140798687934875,0.9158710241317749,0,-4.199862957000732,10.974985122680664,-0.00850099977105856,1
B16,mixamorig_LeftHandIndex2,15,0.9989789724349976,-0.044224001467227936,-0.009202999994158745,0,0.04445800185203552,0.9264780282974243,0.3737136125564575,0,-0.008000999689102173,-0.3737410008907318,0.9274983406066895,0,0.009879999794065952,4.037030220031738,0,1
B17,mixamorig_LeftHandIndex3,16,0.9999780058860779,0.0014550000196322799,-0.006500000134110451,0,0.0016870000399649143,0.8887630105018616,0.4583643972873688,0,0.006444000173360109,-0.45836499333381653,0.8887406587600708,0,-0.029416000470519066,3.789196014404297,0,1
B18,mixamorig_LeftHandIndex4,17,1,0,0,0,0,1,0,0,0,0,1,0,0.01953599974513054,3.462110996246338,0,1
B19,mixamorig_LeftHandMiddle1,10,0.9993316531181335,-0.036038998514413834,-0.006142000202089548,0,0.03547300025820732,0.9152219891548157,0.40138500928878784,0,-0.008844618685543537,-0.4013350009918213,0.9158890247344971,0,-1.4185899496078491,11.586185455322266,-0.1609400063753128,1
B20,mixamorig_LeftHandMiddle2,19,0.9988700151443481,-0.046716999262571335,-0.008762000128626823,0,0.04660499840974808,0.9263870120048523,0.3736790120601654,0,-0.009340000338852406,-0.3736650049686432,0.9275169968605042,0,0.029707999899983406,3.9120850563049316,0,1
B21,mixamorig_LeftHandMiddle3,20,0.9994189739227295,-0.03314900025725365,-0.007966999895870686,0,0.03372399881482124,0.9269350171089172,0.3737030029296875,0,-0.005003000143915415,-0.37375500798225403,0.9275140166282654,0,-0.01850000023841858,4.106174945831299,0,1
B22,mixamorig_LeftHandMiddle4,21,1,0,0,0,0,1,0,0,0,0,1,0,-0.011207000352442265,3.803546905517578,0,1
B23,mixamorig_LeftHandRing1,10,0.9993339776992798,-0.036100998520851135,-0.005278000142425299,0,0.035183001309633255,0.9152470231056213,0.40135499835014343,0,-0.009658999741077423,-0.4012730121612549,0.9159079790115356,0,1.6139800548553467,11.923698425292969,-0.20941400527954102,1
B24,mixamorig_LeftHandRing2,23,0.998682975769043,-0.050374001264572144,-0.009762999601662159,0,0.05037099868059158,0.9262239933013916,0.37359338998794556,0,-0.009777000173926353,-0.3735930025577545,0.9275410175323486,0,0.030832000076770782,3.90897798538208,0,1
B25,mixamorig_LeftHandRing3,24,0.999550998210907,-0.028905000537633896,-0.007949619553983212,0,0.029781000688672066,0.9270930290222168,0.373647004365921,0,-0.00343000004068017,-0.37371599674224854,0.9275370240211487,0,-0.02592799998819828,3.360560894012451,0,1
B26,mixamorig_LeftHandRing4,25,1,0,0,0,0,1,0,0,0,0,1,0,-0.004904000088572502,3.1312170028686523,0,1
B27,mixamorig_LeftHandPinky1,10,0.9994480013847351,-0.03305999934673309,-0.0033970000222325325,0,0.03164299950003624,0.915365993976593,0.4013776183128357,0,-0.010160000063478947,-0.4012629985809326,0.9159060120582581,0,4.0044732093811035,11.71550464630127,0.02522899955511093,1
B28,mixamorig_LeftHandPinky2,27,0.9983649849891663,-0.056141000241041183,-0.010741000063717365,0,0.05608600005507469,0.9259060025215149,0.37356600165367126,0,-0.011026999913156033,-0.37355801463127136,0.9275410175323486,0,0.0378119982779026,3.3489179611206055,0,1
B29,mixamorig_LeftHandPinky3,28,0.9995419979095459,-0.0287919994443655,-0.009291999973356724,0,0.030177999287843704,0.9270880222320557,0.3736270070075989,0,-0.0021430000197142363,-0.3737359941005707,0.927532970905304,0,-0.02786099910736084,2.720525026321411,0,1
B30,mixamorig_LeftHandPinky4,29,1,0,0,0,0,1,0,0,0,0,1,0,-0.009951000101864338,2.2889139652252197,0,1
B31,mixamorig_RightShoulder,3,0.2062063217163086,-0.29688435792922974,0.9323829412460327,0,-0.9650329947471619,-0.2192929983139038,0.14360103011131287,0,0.1618318259716034,-0.9293919801712036,-0.3317229151725769,0,-7.025269985198975,13.486825942993164,-0.3752259910106659,1
B32,mixamorig_RightArm,31,0.9021987915039062,-0.1890668123960495,-0.38766998052597046,0,0.35029473900794983,0.8455899953842163,0.4028256833553314,0,0.251650333404541,-0.49922975897789,0.8291201591491699,0,0,14.745989799499512,0,1
B33,mixamorig_RightForeArm,32,0.3971704840660095,-0.8123573064804077,-0.4270009398460388,0,0.9153510928153992,0.31706759333610535,0.24819250404834747,0,-0.06623301655054092,-0.4894304573535919,0.8695233464241028,0,0,23.608247756958008,0,1
B34,mixamorig_RightHand,33,0.9850335717201233,0.14423868060112,-0.09428709000349045,0,-0.11542937904596329,0.9585608243942261,0.2604514956474304,0,0.12794676423072815,-0.24567586183547974,0.9608644247055054,0,0,25.217388153076172,0,1
B35,mixamorig_RightHandThumb1,34,0.7325785160064697,-0.3231174349784851,0.5990849137306213,0,-0.241628035902977,0.6993703246116638,0.6726779341697693,0,-0.6363365054130554,-0.637549638748169,0.434266597032547,0,3.4686150550842285,3.526437997817993,1.9852700233459473,1
B36,mixamorig_RightHandThumb2,35,0.9853039383888245,0.15940438210964203,0.06134599447250366,0,-0.13739967346191406,0.9530860781669617,-0.2697136700153351,0,-0.10146164894104004,0.25732067227363586,0.9609846472740173,0,1.153285026550293,4.105027198791504,0,1
B37,mixamorig_RightHandThumb3,36,0.9785774350166321,0.012252259068191051,0.20551449060440063,0,0.04155750572681427,0.9659243822097778,-0.25546666979789734,0,-0.2016415148973465,0.25853464007377625,0.9447224736213684,0,0.01570899970829487,4.215935230255127,0,1
B38,mixamorig_RightHandThumb4,37,1,0,0,0,0,1,0,0,0,0,1,0,-1.1689950227737427,3.7212319374084473,0,1
B39,mixamorig_RightHandIndex1,34,0.9421453475952148,-0.08920232951641083,0.32311198115348816,0,-0.09738760441541672,0.8494915962219238,0.5184813737869263,0,-0.3207443356513977,-0.5199519991874695,0.7916554808616638,0,4.394093990325928,11.737260818481445,0.0013940000208094716,1
B40,mixamorig_RightHandIndex2,39,0.9864426255226135,-0.15451568365097046,-0.05527915060520172,0,0.1614142805337906,0.8527809977531433,0.49669989943504333,0,-0.029607491567730904,-0.49888837337493896,0.8661598563194275,0,-0.008190000429749489,3.589879035949707,0,1
B41,mixamorig_RightHandIndex3,40,0.9709115624427795,-0.21533825993537903,-0.10468298941850662,0,0.23482446372509003,0.9417701959609985,0.24065187573432922,0,0.046767935156822205,-0.25823408365249634,0.9649425745010376,0,0.026928000152111053,3.4897470474243164,0,1
B42,mixamorig_RightHandIndex4,41,1,0,0,0,0,1,0,0,0,0,1,0,-0.018737999722361565,3.229448080062866,0,1
B43,mixamorig_RightHandMiddle1,34,0.9942203164100647,-0.09118101745843887,-0.05666034668684006,0,0.10720602422952652,0.8712757229804993,0.4788837134838104,0,0.005706201307475567,-0.4821898639202118,0.8760157823562622,0,1.396049976348877,11.762575149536133,-0.24057799577713013,1
B44,mixamorig_RightHandMiddle2,43,0.9981486201286316,0.058297984302043915,0.017331769689917564,0,-0.05937109887599945,0.8721497058868408,0.48562368750572205,0,0.013194505125284195,-0.48575371503829956,0.8739963173866272,0,-0.02707199938595295,4.124802112579346,0,1
B45,mixamorig_RightHandMiddle3,44,0.9983519911766052,0.05433760583400726,0.01845613867044449,0,-0.055517036467790604,0.8331061601638794,0.5503069162368774,0,0.01452722493559122,-0.5504246354103088,0.8347501754760742,0,0.013453000225126743,3.915160894393921,0,1
B46,mixamorig_RightHandMiddle4,45,1,0,0,0,0,1,0,0,0,0,1,0,0.01361900009214878,3.7102530002593994,0,1
B47,mixamorig_RightHandRing1,34,0.9735841155052185,0.029273975640535355,-0.22642982006072998,0,0.08107564598321915,0.8827692866325378,0.46269774436950684,0,0.21344734728336334,-0.4688330292701721,0.857078492641449,0,-1.7433830499649048,12.086252212524414,-0.26125600934028625,1
B48,mixamorig_RightHandRing2,47,0.975483775138855,0.15861785411834717,-0.1525518000125885,0,-0.06327776610851288,0.8660775423049927,0.49588918685913086,0,0.21077807247638702,-0.47407859563827515,0.8548811078071594,0,-0.02501700073480606,3.649425983428955,0,1
B49,mixamorig_RightHandRing3,48,0.9762656688690186,0.1604616343975067,-0.14545254409313202,0,-0.05263275280594826,0.8272511959075928,0.5593475699424744,0,0.2100842148065567,-0.5384164452552795,0.816063404083252,0,0.021020999178290367,3.4750730991363525,0,1
B50,mixamorig_RightHandRing4,49,1,0,0,0,0,1,0,0,0,0,1,0,0.003996000159531832,3.2665390968322754,0,1
B51,mixamorig_RightHandPinky1,34,0.9526287317276001,-0.1434837132692337,-0.26803094148635864,0,0.24452948570251465,0.8854674696922302,0.39457276463508606,0,0.18083475530147552,-0.44142016768455505,0.8786159753799438,0,-4.046760082244873,12.801060676574707,-0.025282999500632286,1
B52,mixamorig_RightHandPinky2,51,0.9963451027870178,0.08174388855695724,0.02477220445871353,0,-0.08172588795423508,0.8280256986618042,0.5546753406524658,0,0.024832583963871002,-0.55467289686203,0.8316799998283386,0,-0.0403980016708374,2.8603479862213135,0,1
B53,mixamorig_RightHandPinky3,52,0.998059868812561,0.0549016147851944,0.029365897178649902,0,-0.0603109635412693,0.7353814840316772,0.6749571561813354,0,0.015461978502571583,-0.6754192113876343,0.7372661828994751,0,0.03532100096344948,2.4996509552001953,0,1
B54,mixamorig_RightHandPinky4,53,1,0,0,0,0,1,0,0,0,0,1,0,0.00507699977606535,2.3598220348358154,0,1
B55,mixamorig_LeftUpLeg,0,-0.8873130679130554,-0.34585583209991455,0.30505505204200745,0,0.45751750469207764,-0.7432335019111633,0.4881412982940674,0,0.05790088698267937,0.572702169418335,0.8177156448364258,0,8.87787914276123,-5.673728942871094,-1.352301001548767,1
B56,mixamorig_LeftLeg,55,0.9749196767807007,-0.20548775792121887,0.08547675609588623,0,0.1893947422504425,0.5643170475959778,-0.8035386800765991,0,0.1168813481926918,0.7995746731758118,0.5890820026397705,0,0,43.09677505493164,0,1
B57,mixamorig_LeftFoot,56,0.9983728528022766,-0.0570160374045372,0.0006011694204062223,0,0.010951935313642025,0.20209813117980957,0.9793036580085754,0,-0.055958084762096405,-0.9777040481567383,0.2023932784795761,0,0,38.07649612426758,0,1
B58,mixamorig_LeftToeBase,57,0.9674753546714783,-0.19846895337104797,-0.15684805810451508,0,0.25234222412109375,0.8006494045257568,0.5434002876281738,0,0.0177325252443552,-0.5653056502342224,0.8246906399726868,0,0,19.556804656982422,0,1
B59,mixamorig_LeftToe_End,58,1,0,0,0,0,1,0,0,0,0,1,0,0,8.575142860412598,0,1
B60,mixamorig_RightUpLeg,0,-0.8963496088981628,0.1864984780550003,-0.402213990688324,0,-0.3850775957107544,-0.7770907282829285,0.49783942103385925,0,-0.21971005201339722,0.6011217832565308,0.76836097240448,0,-8.87787914276123,-5.673728942871094,-1.1928280591964722,1
B61,mixamorig_RightLeg,60,0.9924077987670898,0.09678428620100021,0.0758909359574318,0,0.005996813531965017,0.5782359838485718,-0.8158478140830994,0,-0.12284363806247711,0.8101088404655457,0.5732650756835938,0,0,43.12321853637695,0,1
B62,mixamorig_RightFoot,61,0.9867104291915894,0.1436443328857422,-0.07594990730285645,0,0.0451132096350193,0.20685960352420807,0.9773299694061279,0,0.15609882771968842,-0.9677683711051941,0.19763047993183136,0,0,38.07435989379883,0,1
B63,mixamorig_RightToeBase,62,0.9669109582901001,0.25244829058647156,-0.03677631542086601,0,-0.191334530711174,0.8129597306251526,0.5499891638755798,0,0.16874150931835175,-0.5247543454170227,0.8343615531921387,0,0,19.947736740112305,0,1
B64,mixamorig_RightToe_End,63,1,0,0,0,0,1,0,0,0,0,1,0,0,8.506096839904785,0,1
@52,0,1,2,3,4,5,7,8,9,10,11,12,13,15,16,17,19,20,21,23,24,25,27,28,29,31,32,33,34,35,36,37,39,40,41,43,44,45,47,48,49,51,52,53,55,56,57,58,60,61,62,63
K0.000,0.9997659921646118,-0.021609000861644745,0.000387999985832721,0,0.021609999239444733,0.9997569918632507,-0.004426999948918819,0,-0.00029200001154094934,0.004433999769389629,0.9999899864196777,0,-0.06910400092601776,85.59716796875,0.7044129967689514,1,0.9999439716339111,0.010236999951303005,-0.0026970000471919775,0,-0.009882000274956226,0.9939849972724915,0.10906799882650375,0,0.003797000041231513,-0.10903500020503998,0.9940310120582581,0,0,10.198463439941406,-1.858523964881897,1,0.9998430013656616,0.01770699955523014,0.0008970000199042261,0,-0.016933999955654144,0.9388049840927124,0.34403300285339355,0,0.005249000154435635,-0.34399399161338806,0.9389569759368896,0,0,12.09416389465332,0,1,0.9998490214347839,0.017393000423908234,0.000446999998530373,0,-0.017071999609470367,0.9757869839668274,0.21805599331855774,0,0.0033569999504834414,-0.21803000569343567,0.9759359955787659,0,0,13.821894645690918,0,1,0.9998700022697449,-0.0015150000108405948,0.01605900004506111,0,-0.0022219999227672815,0.9731460213661194,0.23017799854278564,0,-0.01597600057721138,-0.23018300533294678,0.9730160236358643,0,0,15.549641609191895,0.000003000000106112566,1,0.9982709884643555,-0.043164998292922974,-0.03989899903535843,0,0.025294000282883644,0.9281719923019409,-0.371289998292923,0,0.05305900052189827,0.36963900923728943,0.9276589751243591,0,0,8.837799072265625,4.542162895202637,1,0.2775239944458008,0.3224309980869293,-0.9049969911575317,0,0.9471290111541748,-0.24970799684524536,0.2014780044555664,0,-0.16102199256420135,-0.9130629897117615,-0.3746829926967621,0,7.025269985198975,13.487070083618164,-0.3765609860420227,1,0.8296380043029785,0.36030900478363037,0.426472008228302,0,-0.4918079972267151,0.8331940174102783,0.25280800461769104,0,-0.26424500346183777,-0.4194810092449188,0.8684530258178711,0,0,14.745989799499512,0,1,0.6693940162658691,0.7374759912490845,0.0896729975938797,0,-0.6921949982643127,0.5753080248832703,0.4357590079307556,0,0.2697719931602478,-0.35376599431037903,0.8955850005149841,0,0,23.62394142150879,0,1,0.7207819819450378,0.22134199738502502,0.6568719744682312,0,-0.335097998380661,0.9408190250396729,0.050680000334978104,0,-0.6067799925804138,-0.2566460072994232,0.7522969841957092,0,0,25.23116683959961,0,1,0.7810329794883728,0.19754700362682343,-0.5924220085144043,0,0.24777400493621826,0.7727590203285217,0.5843390226364136,0,0.5732330083847046,-0.6031739711761475,0.5546029806137085,0,-3.540332078933716,3.51690411567688,1.9726940393447876,1,0.9897419810295105,-0.14109399914741516,0.022450000047683716,0,0.14266200363636017,0.9675679802894592,-0.2084680050611496,0,0.007691000122576952,0.20953300595283508,0.977770984172821,0,-1.169281005859375,4.130488872528076,0,1,0.996425986289978,-0.08289399743080139,-0.016238000243902206,0,0.07752499729394913,0.973783016204834,-0.21386000514030457,0,0.03353999927639961,0.21183699369430542,0.9767289757728577,0,0.07837499678134918,4.1097798347473145,0,1,0.9991499781608582,-0.040059998631477356,-0.009763999842107296,0,0.04060899838805199,0.9150230288505554,0.40135300159454346,0,-0.007143999915570021,-0.40140798687934875,0.9158710241317749,0,-4.199862957000732,10.974985122680664,-0.00850099977105856,1,0.9989789724349976,-0.044224001467227936,-0.009202999994158745,0,0.044456999748945236,0.9264780282974243,0.3737129867076874,0,-0.008000999689102173,-0.3737410008907318,0.927498996257782,0,0.009879999794065952,4.037030220031738,0,1,0.9999780058860779,0.0014550000196322799,-0.006500000134110451,0,0.0016870000399649143,0.8887630105018616,0.45836400985717773,0,0.006444000173360109,-0.45836499333381653,0.8887410163879395,0,-0.029416000470519066,3.789196014404297,0,1,0.999330997467041,-0.036038998514413834,-0.006142000202089548,0,0.03547300025820732,0.9152219891548157,0.40138500928878784,0,-0.008844000287353992,-0.4013350009918213,0.9158890247344971,0,-1.4185899496078491,11.586185455322266,-0.1609400063753128,1,0.9988700151443481,-0.046716999262571335,-0.008762000128626823,0,0.04660499840974808,0.9263870120048523,0.3736790120601654,0,-0.009340000338852406,-0.3736650049686432,0.9275169968605042,0,0.029707999899983406,3.9120850563049316,0,1,0.9994189739227295,-0.033149998635053635,-0.007966999895870686,0,0.03372399881482124,0.9269350171089172,0.3737030029296875,0,-0.005003000143915415,-0.37375500798225403,0.9275140166282654,0,-0.01850000023841858,4.106174945831299,0,1,0.9993339776992798,-0.036100998520851135,-0.005278000142425299,0,0.035183001309633255,0.9152470231056213,0.40135499835014343,0,-0.009658999741077423,-0.4012730121612549,0.9159070253372192,0,1.6139800548553467,11.923698425292969,-0.20941400527954102,1,0.998682975769043,-0.050374001264572144,-0.009762999601662159,0,0.05037099868059158,0.9262239933013916,0.3735939860343933,0,-0.009777000173926353,-0.3735930025577545,0.9275410175323486,0,0.030832000076770782,3.90897798538208,0,1,0.999550998210907,-0.028905000537633896,-0.007949000224471092,0,0.029781000688672066,0.9270930290222168,0.373647004365921,0,-0.00343000004068017,-0.37371599674224854,0.9275370240211487,0,-0.02592799998819828,3.360560894012451,0,1,0.9994480013847351,-0.03305999934673309,-0.0033970000222325325,0,0.03164299950003624,0.915365993976593,0.40137699246406555,0,-0.010160000063478947,-0.4012629985809326,0.9159060120582581,0,4.0044732093811035,11.71550464630127,0.02522899955511093,1,0.9983649849891663,-0.056141000241041183,-0.010741000063717365,0,0.05608600005507469,0.9259060025215149,0.37356698513031006,0,-0.01102800015360117,-0.37355801463127136,0.9275410175323486,0,0.0378119982779026,3.3489179611206055,0,1,0.9995419979095459,-0.0287919994443655,-0.009291999973356724,0,0.030177999287843704,0.9270880222320557,0.3736270070075989,0,-0.002142000012099743,-0.3737359941005707,0.927532970905304,0,-0.02786099910736084,2.720525026321411,0,1,0.20679399371147156,-0.297434002161026,0.9320780038833618,0,-0.9648500084877014,-0.21990999579429626,0.14388899505138397,0,0.1621759980916977,-0.9290710091590881,-0.33245500922203064,0,-7.025269985198975,13.486825942993164,-0.3752259910106659,1,0.8940790295600891,-0.21349899470806122,-0.3937529921531677,0,0.3797209858894348,0.8275390267372131,0.4135110080242157,0,0.23756200075149536,-0.5192279815673828,0.8209549784660339,0,0,14.745989799499512,0,1,0.44861799478530884,-0.7924630045890808,-0.41321098804473877,0,0.8930870294570923,0.38006600737571716,0.24071699380874634,0,-0.0337119996547699,-0.47702398896217346,0.8782439827919006,0,0,23.608247756958008,0,1,0.9898390173912048,0.13186700642108917,-0.05318799987435341,0,-0.11237499862909317,0.9546849727630615,0.27558600902557373,0,0.08711899816989899,-0.26680898666381836,0.9598039984703064,0,0,25.217388153076172,0,1,0.7191540002822876,-0.33975398540496826,0.6061229705810547,0,-0.23607000708580017,0.700954020023346,0.6730039715766907,0,-0.6535199880599976,-0.6270809769630432,0.4238879978656769,0,3.4686150550842285,3.526437997817993,1.9852700233459473,1,0.9832360148429871,0.1718290001153946,0.061007000505924225,0,-0.14951300621032715,0.9512789845466614,-0.2696540057659149,0,-0.10436899960041046,0.2560119926929474,0.9610229730606079,0,1.153285026550293,4.105027198791504,0,1,0.9785889983177185,0.013590999878942966,0.205376997590065,0,0.04021099954843521,0.9659669995307922,-0.25551900267601013,0,-0.2018599957227707,0.25830599665641785,0.94473797082901,0,0.01570899970829487,4.215935230255127,0,1,0.943123996257782,-0.10618700087070465,0.3150250017642975,0,-0.1032710000872612,0.8071500062942505,0.5812439918518066,0,-0.3159930109977722,-0.5807179808616638,0.7502760291099548,0,4.394093990325928,11.737260818481445,0.0013940000208094716,1,0.9866989850997925,-0.1497430056333542,-0.06326399743556976,0,0.16052600741386414,0.8361999988555908,0.5244050025939941,0,-0.025624999776482582,-0.5275850296020508,0.8491160273551941,0,-0.008190000429749489,3.589879035949707,0,1,0.9698539972305298,-0.22355499863624573,-0.09699200093746185,0,0.2390419989824295,0.9501109719276428,0.20037099719047546,0,0.04735900089144707,-0.2175150066614151,0.9749069809913635,0,0.026928000152111053,3.4897470474243164,0,1,0.9948220252990723,-0.0790719985961914,-0.06384599953889847,0,0.101112000644207,0.833420991897583,0.5433099865913391,0,0.010250000283122063,-0.546953022480011,0.8371009826660156,0,1.396049976348877,11.762575149536133,-0.24057799577713013,1,0.9980300068855286,0.060589998960494995,0.016249999403953552,0,-0.0603020004928112,0.8552600145339966,0.5146780014038086,0,0.01728600077331066,-0.514644980430603,0.8572289943695068,0,-0.02707199938595295,4.124802112579346,0,1,0.99857497215271,0.0508820004761219,0.016090000048279762,0,-0.051899999380111694,0.8558089733123779,0.5146819949150085,0,0.012418000027537346,-0.5147830247879028,0.857230007648468,0,0.013453000225126743,3.915160894393921,0,1,0.9731019735336304,0.053707998245954514,-0.22402499616146088,0,0.07487799972295761,0.8459050059318542,0.5280510187149048,0,0.2178640067577362,-0.5306220054626465,0.8191310167312622,0,-1.7433830499649048,12.086252212524414,-0.26125600934028625,1,0.9745470285415649,0.1664939969778061,-0.15012499690055847,0,-0.06418299674987793,0.8488370180130005,0.5247439742088318,0,0.21479900181293488,-0.5017529726028442,0.8379169702529907,0,-0.02501700073480606,3.649425983428955,0,1,0.976885974407196,0.15004299581050873,-0.15225400030612946,0,-0.04893999919295311,0.8503289818763733,0.5239719748497009,0,0.20808400213718414,-0.5044090151786804,0.8380169868469238,0,0.021020999178290367,3.4750730991363525,0,1,0.9520819783210754,-0.07449399679899216,-0.29663199186325073,0,0.2375900000333786,0.7908869981765747,0.563959002494812,0,0.19259099662303925,-0.6074119806289673,0.770687997341156,0,-4.046760082244873,12.801060676574707,-0.025282999500632286,1,0.9967740178108215,0.07742399722337723,0.021129999309778214,0,-0.07740999758243561,0.85801100730896,0.507764995098114,0,0.021183999255299568,-0.5077630281448364,0.8612359762191772,0,-0.0403980016708374,2.8603479862213135,0,1,0.998216986656189,0.052960000932216644,0.02754100039601326,0,-0.058042000979185104,0.7533820271492004,0.6550170183181763,0,0.01394100021570921,-0.6554480195045471,0.7551119923591614,0,0.03532100096344948,2.4996509552001953,0,1,-0.8896849751472473,-0.34673500061035156,0.2970449924468994,0,0.4533520042896271,-0.748045027256012,0.48466500639915466,0,0.05415299907326698,0.5658649802207947,0.8227180242538452,0,8.87787914276123,-5.673728942871094,-1.352301001548767,1,0.9749839901924133,-0.20719900727272034,0.08046499639749527,0,0.18886899948120117,0.5813909769058228,-0.7914000153541565,0,0.1171950027346611,0.7867990136146545,0.6059799790382385,0,0,43.09677505493164,0,1,0.9979419708251953,-0.06309600174427032,0.0114139998331666,0,0.002176000038161874,0.21124400198459625,0.9774309992790222,0,-0.06408300250768661,-0.9753950238227844,0.2109459936618805,0,0,38.07649612426758,0,1,0.9674479961395264,-0.19857800006866455,-0.15687599778175354,0,0.2524310052394867,0.8011919856071472,0.5425580143928528,0,0.017947999760508537,-0.5644980072975159,0.8252400159835815,0,0,19.556804656982422,0,1,-0.8972780108451843,0.18343700468540192,-0.4015499949455261,0,-0.3808090090751648,-0.7817530035972595,0.4938090145587921,0,-0.22333000600337982,0.5959979891777039,0.7713040113449097,0,-8.87787914276123,-5.673728942871094,-1.1928280591964722,1,0.9923589825630188,0.09670399874448776,0.07663100212812424,0,0.004556000232696533,0.5919219851493835,-0.8059819936752319,0,-0.12330099940299988,0.8001729846000671,0.5869579911231995,0,0,43.12321853637695,0,1,0.9867460131645203,0.14166900515556335,-0.07913900166749954,0,0.047602999955415726,0.2135230004787445,0.9757779836654663,0,0.15513600409030914,-0.9666110277175903,0.2039490044116974,0,0,38.07435989379883,0,1,0.9668459892272949,0.2526409924030304,-0.03717600181698799,0,-0.1912579983472824,0.8128880262374878,0.550121009349823,0,0.1692029982805252,-0.5247719883918762,0.8342570066452026,0,0,19.947736740112305,0,1
K0.033,0.9997599720954895,-0.021884003654122353,0.00022199805243872106,0,0.02188500389456749,0.9997529983520508,-0.0038489927537739277,0,-0.00013699820556212217,0.003852992784231901,0.9999930262565613,0,-0.0687740296125412,85.58601379394531,0.7312452793121338,1,0.9999439716339111,0.010227999649941921,-0.002706000115722418,0,-0.009871999733150005,0.9939839839935303,0.10907699912786484,0,0.00380500010214746,-0.10904400050640106,0.9940299987792969,0,0,10.198463439941406,-1.858523964881897,1,0.9998430013656616,0.017673999071121216,0.0009440005524083972,0,-0.016920000314712524,0.9388020038604736,0.34404200315475464,0,0.005194999743252993,-0.3440040051937103,0.9389539957046509,0,0,12.09416389465332,0,1,0.9998490214347839,0.01735999993979931,0.00048200052697211504,0,-0.017047999426722527,0.9757850170135498,0.21806600689888,0,0.003314999397844076,-0.21804100275039673,0.9759340286254883,0,0,13.821894645690918,0,1,0.9998700022697449,-0.0015259999781847,0.01603900082409382,0,-0.0022120000794529915,0.9730759859085083,0.23047499358654022,0,-0.01595900021493435,-0.23048099875450134,0.9729459881782532,0,0,15.549641609191895,0.000003000000106112566,1,0.9982749819755554,-0.042695995420217514,-0.04030800238251686,0,0.024830995127558708,0.9290429949760437,-0.3691369593143463,0,0.05320800095796585,0.367499977350235,0.9284999966621399,0,0,8.837799072265625,4.542162895202637,1,0.27742600440979004,0.32246899604797363,-0.9050130248069763,0,0.9471579790115356,-0.2496740072965622,0.20138299465179443,0,-0.1610189974308014,-0.9130589962005615,-0.3746950030326843,0,7.025269985198975,13.487070083618164,-0.3765609860420227,1,0.8288260102272034,0.3608570098876953,0.42758598923683167,0,-0.49261701107025146,0.8329970240592957,0.25188198685646057,0,-0.26528400182724,-0.41940298676490784,0.8681730031967163,0,0,14.745989799499512,0,1,0.6693779826164246,0.7374740242958069,0.08980999886989594,0,-0.6921740174293518,0.5751670002937317,0.4359799921512604,0,0.26986798644065857,-0.3540000021457672,0.8954640030860901,0,0,23.62394142150879,0,1,0.7208719849586487,0.22103500366210938,0.6568769812583923,0,-0.3347089886665344,0.9409570097923279,0.05069100111722946,0,-0.6068879961967468,-0.2564049959182739,0.7522919774055481,0,0,25.23116683959961,0,1,0.7810329794883728,0.19754700362682343,-0.5924220085144043,0,0.24777400493621826,0.7727590203285217,0.5843390226364136,0,0.5732330083847046,-0.6031739711761475,0.5546029806137085,0,-3.540332078933716,3.51690411567688,1.9726940393447876,1,0.9897419810295105,-0.14109399914741516,0.022450000047683716,0,0.14266200363636017,0.9675679802894592,-0.20846900343894958,0,0.007691000122576952,0.20953300595283508,0.977770984172821,0,-1.169281005859375,4.130488872528076,0,1,0.996425986289978,-0.08289399743080139,-0.01623700000345707,0,0.07752499729394913,0.973783016204834,-0.21386000514030457,0,0.033539000898599625,0.21183699369430542,0.9767289757728577,0,0.07837499678134918,4.1097798347473145,0,1,0.9991499781608582,-0.040059998631477356,-0.009762999601662159,0,0.04060899838805199,0.9150230288505554,0.40135300159454346,0,-0.007143999915570021,-0.40140798687934875,0.9158710241317749,0,-4.199862957000732,10.974985122680664,-0.00850099977105856,1,0.9989789724349976,-0.044224001467227936,-0.009202999994158745,0,0.04445800185203552,0.9264780282974243,0.3737129867076874,0,-0.008000999689102173,-0.3737410008907318,0.927498996257782,0,0.009879999794065952,4.037030220031738,0,1,0.9999780058860779,0.0014550000196322799,-0.006500000134110451,0,0.0016870000399649143,0.8887630105018616,0.45836499333381653,0,0.006444000173360109,-0.45836499333381653,0.8887400031089783,0,-0.029416000470519066,3.789196014404297,0,1,0.999330997467041,-0.036038998514413834,-0.006142000202089548,0,0.03547300025820732,0.9152219891548157,0.40138500928878784,0,-0.008844000287353992,-0.4013350009918213,0.9158890247344971,0,-1.4185899496078491,11.586185455322266,-0.1609400063753128,1,0.9988700151443481,-0.046716999262571335,-0.008762000128626823,0,0.04660499840974808,0.9263870120048523,0.3736790120601654,0,-0.009340000338852406,-0.3736650049686432,0.9275169968605042,0,0.029707999899983406,3.9120850563049316,0,1,0.9994189739227295,-0.03314900025725365,-0.007966999895870686,0,0.03372399881482124,0.9269350171089172,0.3737030029296875,0,-0.005003000143915415,-0.37375500798225403,0.9275140166282654,0,-0.01850000023841858,4.106174945831299,0,1,0.9993339776992798,-0.036100998520851135,-0.005278000142425299,0,0.035183001309633255,0.9152470231056213,0.40135499835014343,0,-0.009658999741077423,-0.4012730121612549,0.9159079790115356,0,1.6139800548553467,11.923698425292969,-0.20941400527954102,1,0.998682975769043,-0.050374001264572144,-0.009762999601662159,0,0.05037099868059158,0.9262239933013916,0.3735939860343933,0,-0.009775999933481216,-0.3735930025577545,0.9275410175323486,0,0.030832000076770782,3.90897798538208,0,1,0.999550998210907,-0.028905000537633896,-0.00795000046491623,0,0.029782000929117203,0.9270930290222168,0.373647004365921,0,-0.00343000004068017,-0.37371599674224854,0.9275370240211487,0,-0.02592799998819828,3.360560894012451,0,1,0.9994480013847351,-0.03305999934673309,-0.0033970000222325325,0,0.03164299950003624,0.915365993976593,0.40137800574302673,0,-0.010160000063478947,-0.4012629985809326,0.9159060120582581,0,4.0044732093811035,11.71550464630127,0.02522899955511093,1,0.9983649849891663,-0.056141000241041183,-0.010741000063717365,0,0.05608600005507469,0.9259060025215149,0.37356600165367126,0,-0.011026999913156033,-0.37355801463127136,0.9275410175323486,0,0.0378119982779026,3.3489179611206055,0,1,0.9995419979095459,-0.0287919994443655,-0.009291999973356724,0,0.030177999287843704,0.9270880222320557,0.3736270070075989,0,-0.0021430000197142363,-0.3737359941005707,0.927532970905304,0,-0.02786099910736084,2.720525026321411,0,1,0.20674000680446625,-0.297450989484787,0.9320840239524841,0,-0.9648560285568237,-0.21992799639701843,0.1438249945640564,0,0.16221000254154205,-0.9290609955787659,-0.3324649930000305,0,-7.025269985198975,13.486825942993164,-0.3752259910106659,1,0.8936910033226013,-0.2142770141363144,-0.39420899748802185,0,0.380636990070343,0.827239990234375,0.41326698660850525,0,0.2375520020723343,-0.5193840265274048,0.8208590149879456,0,0,14.745989799499512,0,1,0.44797399640083313,-0.7927799820899963,-0.4133029878139496,0,0.8933960199356079,0.3793190121650696,0.24074900150299072,0,-0.034087006002664566,-0.47709301114082336,0.8781920075416565,0,0,23.608247756958008,0,1,0.9899020195007324,0.12931397557258606,-0.05806306004524231,0,-0.10933296382427216,0.9572290182113647,0.2678779065608978,0,0.09022003412246704,-0.2588249146938324,0.9617019891738892,0,0,25.217388153076172,0,1,0.7189930081367493,-0.3409709930419922,0.6056299805641174,0,-0.23491699993610382,0.7008780241012573,0.6734859943389893,0,-0.6541119813919067,-0.6265050172805786,0.42382699251174927,0,3.4686150550842285,3.526437997817993,1.9852700233459473,1,0.9832540154457092,0.1717189997434616,0.06101899966597557,0,-0.14940400421619415,0.9512979984283447,-0.2696489989757538,0,-0.10435199737548828,0.2560169994831085,0.9610229730606079,0,1.153285026550293,4.105027198791504,0,1,0.9786120057106018,0.017648011445999146,0.2049580067396164,0,0.03612598776817322,0.9660869836807251,-0.2556770145893097,0,-0.2025189995765686,0.25761300325393677,0.944786012172699,0,0.01570899970829487,4.215935230255127,0,1,0.9443529844284058,-0.10521699488162994,0.31165197491645813,0,-0.09707893431186676,0.8161061406135559,0.5696898698806763,0,-0.31428197026252747,-0.5682429075241089,0.760478138923645,0,4.394093990325928,11.737260818481445,0.0013940000208094716,1,0.9868749976158142,-0.1477929800748825,-0.06508102267980576,0,0.15954698622226715,0.8300209641456604,0.5344251394271851,0,-0.02496599219739437,-0.5377941131591797,0.8427069187164307,0,-0.008190000429749489,3.589879035949707,0,1,0.969668984413147,-0.2249390184879303,-0.09562898427248001,0,0.23976700007915497,0.9513750076293945,0.1933819204568863,0,0.04747999832034111,-0.21044492721557617,0.9764519929885864,0,0.026928000152111053,3.4897470474243164,0,1,0.9941580295562744,-0.08394305408000946,-0.06784504652023315,0,0.10720106959342957,0.8410030603408813,0.5303038954734802,0,0.0125430254265666,-0.5344789028167725,0.8450890779495239,0,1.396049976348877,11.762575149536133,-0.24057799577713013,1,0.9979590177536011,0.061586011201143265,0.0169060081243515,0,-0.06128201261162758,0.8489329218864441,0.5249351263046265,0,0.017976008355617523,-0.5249001383781433,0.8509739637374878,0,-0.02707199938595295,4.124802112579346,0,1,0.9986119866371155,0.05027499422430992,0.015696996822953224,0,-0.05126699432730675,0.8595720529556274,0.5084359645843506,0,0.012068996205925941,-0.5085349678993225,0.8609570860862732,0,0.013453000225126743,3.915160894393921,0,1,0.9721090197563171,0.04652492329478264,-0.2298680543899536,0,0.08093606680631638,0.8533620834350586,0.5149968862533569,0,0.22012102603912354,-0.5192378759384155,0.8257960677146912,0,-1.7433830499649048,12.086252212524414,-0.26125600934028625,1,0.9743319749832153,0.169467031955719,-0.14818498492240906,0,-0.06516201049089432,0.8423839211463928,0.5349231362342834,0,0.2154809981584549,-0.5115361213684082,0.8318039178848267,0,-0.02501700073480606,3.649425983428955,0,1,0.9769880175590515,0.14821597933769226,-0.1533830165863037,0,-0.04829399287700653,0.854157030582428,0.5177669525146484,0,0.20775499939918518,-0.49844494462013245,0.8416590690612793,0,0.021020999178290367,3.4750730991363525,0,1,0.9520589709281921,-0.07640502601861954,-0.29621899127960205,0,0.23795099556446075,0.7935100197792053,0.560107946395874,0,0.19225800037384033,-0.603740930557251,0.7736490368843079,0,-4.046760082244873,12.801060676574707,-0.025282999500632286,1,0.9967010021209717,0.07819400727748871,0.021748008206486702,0,-0.07817801088094711,0.8529659509658813,0.5160790681838989,0,0.02180400677025318,-0.5160760879516602,0.8562649488449097,0,-0.0403980016708374,2.8603479862213135,0,1,0.9982680082321167,0.05230299383401871,0.026945995166897774,0,-0.057277992367744446,0.7592440843582153,0.6482799649238586,0,0.013448995538055897,-0.6487009525299072,0.7609250545501709,0,0.03532100096344948,2.4996509552001953,0,1,-0.8896239995956421,-0.34683001041412354,0.2971169948577881,0,0.4535140097141266,-0.7475450038909912,0.4852840006351471,0,0.05379699543118477,0.5664669871330261,0.8223270177841187,0,8.87787914276123,-5.673728942871094,-1.352301001548767,1,0.9750170111656189,-0.207055002450943,0.08043999969959259,0,0.1886579990386963,0.5807210206985474,-0.7919420003890991,0,0.11726199835538864,0.7873319983482361,0.6052749752998352,0,0,43.09677505493164,0,1,0.9979339838027954,-0.06324999779462814,0.011269999668002129,0,0.0023030005395412445,0.21052700281143188,0.9775850176811218,0,-0.06420499831438065,-0.9755399823188782,0.2102379947900772,0,0,38.07649612426758,0,1,0.967195987701416,-0.19948001205921173,-0.15728700160980225,0,0.25340598821640015,0.801023006439209,0.5423529744148254,0,0.017801998183131218,-0.5644189715385437,0.8252959847450256,0,0,19.556804656982422,0,1,-0.8972960114479065,0.1833759993314743,-0.40153801441192627,0,-0.3808229863643646,-0.7815799713134766,0.49407199025154114,0,-0.22323299944400787,0.5962439775466919,0.7711420059204102,0,-8.87787914276123,-5.673728942871094,-1.1928280591964722,1,0.9922609925270081,0.09746000915765762,0.07694099843502045,0,0.0044179982505738735,0.5915340185165405,-0.8062679767608643,0,-0.12409301102161407,0.8003680109977722,0.586525022983551,0,0,43.12321853637695,0,1,0.9867050051689148,0.14181600511074066,-0.0793830007314682,0,0.047922004014253616,0.21285100281238556,0.9759089946746826,0,0.15529699623584747,-0.9667379856109619,0.2032250016927719,0,0,38.07435989379883,0,1,0.9665650129318237,0.2536660134792328,-0.03749700263142586,0,-0.1919109970331192,0.8126019835472107,0.5503159761428833,0,0.1700660139322281,-0.5247200131416321,0.8341140151023865,0,0,19.947736740112305,0,1
