1.100,30,33,37
B0,mixamorig_Hips,-1,0.0068321628496050835,0.2576996386051178,-0.9661545157432556,0,0.06318947672843933,0.9641587138175964,0.25761401653289795,0,0.9979560375213623,-0.06277007609605789,-0.009685074910521507,0,-1.3587943315505981,65.22152709960938,16.349918365478516,1
B1,mixamorig_Spine,0,0.9930996298789978,-0.05830219388008118,-0.10173973441123962,0,0.07054449617862701,0.9901043176651001,0.12127136439085007,0,0.09366213530302048,-0.12761148810386658,0.9873849749565125,0,0,10.763899803161621,1.243499994277954,1
B2,mixamorig_Spine1,1,0.9767406582832336,-0.1158004105091095,-0.18043430149555206,0,0.13584759831428528,0.9853408932685852,0.10308665037155151,0,0.16584953665733337,-0.1251995712518692,0.9781543612480164,0,0,13.063300132751465,0,1
B3,mixamorig_Spine2,2,0.9764398336410522,-0.10253827273845673,-0.18983924388885498,0,0.14884985983371735,0.9570586681365967,0.2487354278564453,0,0.1561814546585083,-0.2711314260959625,0.9497746229171753,0,0,13.020500183105469,0,1
B4,mixamorig_Neck,3,0.8445509076118469,0.1954369693994522,0.4985324740409851,0,-0.21451978385448456,0.9765236377716064,-0.01941540651023388,0,-0.4906262159347534,-0.09054718166589737,0.8666491508483887,0,-0.011900000274181366,24.670700073242188,2.02810001373291,1
B5,mixamorig_Head,4,0.9394190311431885,0.30330976843833923,0.15965864062309265,0,-0.2915702760219574,0.9520013928413391,-0.09293849021196365,0,-0.18019630014896393,0.040751002728939056,0.9827655553817749,0,0,8.817299842834473,6.10260009765625,1
B6,mixamorig_HeadTop_End,5,1,0,0,0,0,1,0,0,0,0,1,0,0,20.493900299072266,-0.2824999988079071,1
B7,mixamorig_LeftShoulder,3,-0.009688593447208405,0.04562896862626076,-0.9988874793052673,0,0.9986020922660828,-0.0509810633957386,-0.012005199678242207,0,-0.0514557845890522,-0.9976493120193481,-0.045052073895931244,0,9.553600311279297,16.065399169921875,-5.227799892425537,1
B8,mixamorig_LeftArm,7,0.9671592116355896,0.039763983339071274,0.25086861848831177,0,-0.20575061440467834,0.7017744183540344,0.6819312572479248,0,-0.14887414872646332,-0.7112197279930115,0.6869754791259766,0,0,18.035499572753906,0,1
B9,mixamorig_LeftForeArm,8,0.7664668560028076,0.6228457689285278,-0.156705841422081,0,-0.6398876309394836,0.7607294917106628,-0.10675499588251114,0,0.05276818573474884,0.18216277658939362,0.9816251397132874,0,0,26.41510009765625,0,1
B10,mixamorig_LeftHand,9,1,0,0,0,0,1,0,0,0,0,1,0,0,26.753400802612305,0,1
B11,mixamorig_RightShoulder,3,0.39707690477371216,-0.2275966852903366,0.8891143202781677,0,-0.8063231706619263,0.3762061297893524,0.4563949406147003,0,-0.43836432695388794,-0.898137092590332,-0.03413353115320206,0,-9.553600311279297,16.065399169921875,-5.227799892425537,1
B12,mixamorig_RightArm,11,0.518409252166748,-0.3785049319267273,-0.7655050754547119,0,0.5709965825080872,0.8195009827613831,-0.018557457253336906,0,0.6353294849395752,-0.4283331632614136,0.6425020098686218,0,0,17.95509910583496,0,1
B13,mixamorig_RightForeArm,12,0.41352856159210205,-0.8786997199058533,-0.23809285461902618,0,0.8905335664749146,0.33641019463539124,0.30562207102775574,0,-0.18847882747650146,-0.3382735848426819,0.9218258261680603,0,0,26.41510009765625,0,1
B14,mixamorig_RightHand,13,0.9788013100624084,-0.026789041236042976,0.20132796466350555,0,0.08241870254278183,0.9588190913200378,-0.2714957892894745,0,-0.18580906093120575,0.2822616994380951,0.9407235980033875,0,0,26.753400802612305,0,1
B15,mixamorig_RightHandIndex1,14,0.9101927876472473,-0.3655988872051239,0.1946200281381607,0,-0.15419314801692963,0.13703669607639313,0.9784809947013855,0,-0.38439950346946716,-0.9206169843673706,0.06835624575614929,0,8.654199600219727,18.447799682617188,-1.479599952697754,1
B16,mixamorig_RightHandIndex2,15,0.9999014735221863,-0.012799135409295559,-0.005304410122334957,0,0.005518881604075432,0.016774434596300125,0.9998393058776855,0,-0.012712991796433926,-0.9997744560241699,0.016844455152750015,0,0,7.514400005340576,0,1
B17,mixamorig_RightHandIndex3,16,0.9682700037956238,-0.23155899345874786,-0.09399300068616867,0,0.24514399468898773,0.9531599879264832,0.1771710067987442,0,0.04856399819254875,-0.1945910006761551,0.9796810150146484,0,0,7.4893999099731445,0,1
B18,mixamorig_RightHandIndex4,17,1,0,0,0,0,1,0,0,0,0,1,0,0,6.769700050354004,0,1
B19,mixamorig_RightHandPinky1,14,0.09364966303110123,0.987635612487793,0.12570245563983917,0,0.18239879608154297,-0.14113356173038483,0.9730355143547058,0,0.9787483215332031,-0.06819269806146622,-0.19335919618606567,0,-10.003100395202637,17.50779914855957,0.4779999852180481,1
B20,mixamorig_RightHandPinky2,19,-0.4282000660896301,0.9020888209342957,0.05363653227686882,0,-0.9022518396377563,-0.4234302341938019,-0.08152224123477936,0,-0.050829410552978516,-0.08330108970403671,0.9952268004417419,0,0,7.0441999435424805,0,1
B21,mixamorig_RightHandPinky3,20,0.7526299953460693,0.6584429740905762,0.000375000003259629,0,-0.6584439277648926,0.7526299953460693,0.0006639999919570982,0,0.00015500000154133886,-0.0007459999760612845,1,0,0,7.07889986038208,0,1
B22,mixamorig_RightHandPinky4,21,1,0,0,0,0,1,0,0,0,0,1,0,0,7.0929999351501465,0,1
B23,mixamorig_RightHandThumb1,14,0.3981655240058899,-0.9079259037971497,0.13068313896656036,0,0.5014724731445312,0.3347671627998352,0.7977545261383057,0,-0.7680772542953491,-0.25214022397994995,0.5885885953903198,0,6.16349983215332,2.492300033569336,4.446400165557861,1
B24,mixamorig_RightHandThumb2,23,0.8565707802772522,0.5157860517501831,-0.015764577314257622,0,-0.5134801864624023,0.848914384841919,-0.1252124309539795,0,-0.05119823291897774,0.1153491884469986,0.9920039772987366,0,0,10.472999572753906,0,1
B25,mixamorig_RightHandThumb3,24,0.9422839879989624,0.29955899715423584,0.14955300092697144,0,-0.24067407846450806,0.9165350198745728,-0.3194360136985779,0,-0.2327599972486496,0.26500600576400757,0.9357320070266724,0,0,8.498800277709961,0,1
B26,mixamorig_RightHandThumb4,25,1,0,0,0,0,1,0,0,0,0,1,0,0,8.025300025939941,0,1
B27,mixamorig_LeftUpLeg,0,-0.9134231805801392,0.016638077795505524,-0.4065350294113159,0,-0.4043690860271454,-0.14776116609573364,0.9025267958641052,0,-0.04505988582968712,0.9888662695884705,0.14175274968147278,0,13.656000137329102,-7.135300159454346,0.12970000505447388,1
B28,mixamorig_LeftLeg,27,0.9108694791793823,-0.4119602143764496,0.024525301530957222,0,0.12900260090827942,0.22778531908988953,-0.9651148915290833,0,0.39201098680496216,0.882256805896759,0.26062867045402527,0,0,35.94969940185547,0,1
B29,mixamorig_LeftFoot,28,0.9885258078575134,-0.013848244212567806,-0.15040527284145355,0,0.11465926468372345,0.7170171141624451,0.6875582933425903,0,0.09832338243722916,-0.6969141960144043,0.7103798985481262,0,0,34.4093017578125,0,1
B30,mixamorig_LeftToeBase,29,0.7943205833435059,-0.26401159167289734,-0.5471293926239014,0,0.6048558354377747,0.42760172486305237,0.6717895865440369,0,0.05659165605902672,-0.86455237865448,0.49934330582618713,0,0,21.288000106811523,0,1
B31,mixamorig_LeftToe_End,30,1,0,0,0,0,1,0,0,0,0,1,0,0,16.883800506591797,0,1
B32,mixamorig_RightUpLeg,0,-0.5933945178985596,0.5242248177528381,-0.6107829213142395,0,-0.536955714225769,-0.8231164216995239,-0.18479612469673157,0,-0.5996221899986267,0.2183152437210083,0.7699246406555176,0,-13.656000137329102,-7.135200023651123,0.12970000505447388,1
B33,mixamorig_RightLeg,32,0.969692051410675,0.23742860555648804,0.05696026608347893,0,0.05158056318759918,0.028753070160746574,-0.9982272386550903,0,-0.23864120244979858,0.9709605574607849,0.015677111223340034,0,0,35.94969940185547,0,1
B34,mixamorig_RightFoot,33,0.9511851072311401,0.2402229756116867,0.1936376839876175,0,-0.15626274049282074,-0.16589440405368805,0.9736398458480835,0,0.26604413986206055,-0.9563797116279602,-0.1202339231967926,0,0,34.4093017578125,0,1
B35,mixamorig_RightToeBase,34,0.9403651356697083,0.12076292932033539,0.3178800940513611,0,-0.3326449990272522,0.13300950825214386,0.9336000680923462,0,0.07045777142047882,-0.9837052226066589,0.16520985960960388,0,0,21.288000106811523,0,1
B36,mixamorig_RightToe_End,35,1,0,0,0,0,1,0,0,0,0,1,0,0,16.883800506591797,0,1
@30,0,1,2,3,4,5,7,8,9,11,12,13,14,15,16,17,19,20,21,23,24,25,27,28,29,30,32,33,34,35
K0.000,0.9998199939727783,-0.01894799992442131,0.00004199999966658652,0,0.01894799992442131,0.9998109936714172,-0.004403000231832266,0,0.00004199999966658652,0.004403000231832266,0.9999899864196777,0,-0.000024000000848900527,80.53297424316406,0.00001700000029813964,1,0.9999570250511169,0.009019000455737114,-0.0021269998978823423,0,-0.007954999804496765,0.9532309770584106,0.30213698744773865,0,0.0047530001029372215,-0.3021070063114166,0.9532619714736938,0,0,10.763899803161621,1.243499994277954,1,0.9998409748077393,0.0177180003374815,-0.0020459999796003103,0,-0.01657399907708168,0.9653779864311218,0.2603299915790558,0,0.006587999872863293,-0.26025399565696716,0.9655179977416992,0,0,13.063300132751465,0,1,0.9998760223388672,0.015675999224185944,-0.001366000040434301,0,-0.014630000106990337,0.9580469727516174,0.28623801469802856,0,0.005795999895781279,-0.2861829996109009,0.9581570029258728,0,0,13.020500183105469,0,1,0.9998700022697449,0.0013889999827370048,0.01607000082731247,0,-0.0022219999227672815,0.9986460208892822,0.051979001611471176,0,-0.01597600057721138,-0.052007999271154404,0.9985190033912659,0,-0.011900000274181366,24.670700073242188,2.02810001373291,1,0.9982709884643555,-0.043164998292922974,-0.03989800065755844,0,0.025294000282883644,0.9281719923019409,-0.371289998292923,0,0.05305900052189827,0.36963900923728943,0.9276589751243591,0,0,8.817299842834473,6.10260009765625,1,0.25391700863838196,0.33055898547172546,-0.9089869856834412,0,0.933588981628418,0.1619260013103485,0.3196749985218048,0,0.25286000967025757,-0.9297909736633301,-0.2674899995326996,0,9.553600311279297,16.065399169921875,-5.227799892425537,1,0.7789499759674072,0.2758600115776062,0.5631499886512756,0,-0.5690000057220459,0.688398003578186,0.44982901215553284,0,-0.2635819911956787,-0.6708269715309143,0.6931920051574707,0,0,18.035499572753906,0,1,0.6131349802017212,0.7894719839096069,0.028277000412344933,0,-0.7552490234375,0.5753080248832703,0.3140380084514618,0,0.2316560000181198,-0.2139039933681488,0.9489889740943909,0,0,26.41510009765625,0,1,0.1832589954137802,-0.3020409941673279,0.9355149865150452,0,-0.9517530202865601,0.18375299870967865,0.2457669973373413,0,-0.24613499641418457,-0.9354180097579956,-0.25379401445388794,0,-9.553600311279297,16.065399169921875,-5.227799892425537,1,0.8477240204811096,-0.16566500067710876,-0.5039039850234985,0,0.48669201135635376,0.6207029819488525,0.6147029995918274,0,0.21094000339508057,-0.7663440108299255,0.6068120002746582,0,0,17.95509910583496,0,1,0.3874660134315491,-0.8661019802093506,-0.31581199169158936,0,0.9208179712295532,0.38006699085235596,0.08742199838161469,0,0.04431400075554848,-0.3246789872646332,0.944786012172699,0,0,26.41510009765625,0,1,0.9156990051269531,0.4003230035305023,-0.03516500070691109,0,-0.36198100447654724,0.8596619963645935,0.3604860007762909,0,0.17454099655151367,-0.3173680007457733,0.9321010112762451,0,0,26.753400802612305,0,1,0.8424649834632874,-0.4387100040912628,0.3127079904079437,0,0.21380700170993805,0.8050209879875183,0.5533789992332458,0,-0.4945090115070343,-0.39934301376342773,0.7720010280609131,0,8.654199600219727,18.447799682617188,-1.479599952697754,1,0.9743130207061768,-0.21068599820137024,-0.0795380026102066,0,0.2216459959745407,0.8346350193023682,0.504239022731781,0,-0.03985099866986275,-0.5089160203933716,0.8598930239677429,0,0,7.514400005340576,0,1,0.9682700037956238,-0.23155899345874786,-0.09399300068616867,0,0.24514399468898773,0.9531599879264832,0.1771720051765442,0,0.04856500029563904,-0.19459199905395508,0.9796810150146484,0,0,7.4893999099731445,0,1,0.021648000925779343,0.5878909826278687,-0.8086509704589844,0,0.5185239911079407,0.6849480271339417,0.5118399858474731,0,0.8547890186309814,-0.4303849935531616,-0.29000699520111084,0,-10.003100395202637,17.50779914855957,0.4779999852180481,1,0.859827995300293,0.5105839967727661,0.00022000000171829015,0,-0.5105839967727661,0.8598269820213318,0.0009089999948628247,0,0.0002749999985098839,-0.000893999997060746,1,0,0,7.0441999435424805,0,1,0.7526299953460693,0.6584429740905762,0.000375000003259629,0,-0.6584429740905762,0.7526299953460693,0.0006639999919570982,0,0.00015500000154133886,-0.0007459999760612845,1,0,0,7.07889986038208,0,1,0.6372789740562439,-0.701117992401123,0.31985700130462646,0,0.23419399559497833,0.5716249942779541,0.7863829731941223,0,-0.734184980392456,-0.42623698711395264,0.5284820199012756,0,6.16349983215332,2.492300033569336,4.446400165557861,1,0.9074400067329407,0.4150890111923218,0.06522300094366074,0,-0.3800179958343506,0.8769819736480713,-0.29409098625183105,0,-0.17927299439907074,0.24208399653434753,0.9535490274429321,0,0,10.472999572753906,0,1,0.9422839879989624,0.29955899715423584,0.14955200254917145,0,-0.24067500233650208,0.9165350198745728,-0.3194369971752167,0,-0.2327599972486496,0.26500600576400757,0.9357320070266724,0,0,8.498800277709961,0,1,-0.8855730295181274,-0.3652710020542145,0.2869440019130707,0,0.46442100405693054,-0.7076640129089355,0.5324710011482239,0,0.008564000017940998,0.6048049926757812,0.7963269948959351,0,13.656000137329102,-7.135300159454346,0.12970000505447388,1,0.9836940169334412,-0.17158900201320648,0.053874000906944275,0,0.13942399621009827,0.5383589863777161,-0.8311020135879517,0,0.11360400170087814,0.8250619769096375,0.5535039901733398,0,0,35.94969940185547,0,1,0.9733840227127075,-0.13575999438762665,-0.18464499711990356,0,0.22647599875926971,0.4463610053062439,0.8657190203666687,0,-0.03511200100183487,-0.8844950199127197,0.46522700786590576,0,0,34.4093017578125,0,1,0.9744210243225098,-0.16631299257278442,-0.1511400043964386,0,0.22311100363731384,0.6353800296783447,0.7392659783363342,0,-0.026917999610304832,-0.7540770173072815,0.6562340259552002,0,0,21.288000106811523,0,1,-0.8954499959945679,0.20038600265979767,-0.39751100540161133,0,-0.4018160104751587,-0.7481799721717834,0.5279880166053772,0,-0.1916089951992035,0.6325129866600037,0.7504760026931763,0,-13.656000137329102,-7.135200023651123,0.12970000505447388,1,0.9917880296707153,0.06572999805212021,0.10970699787139893,0,0.05522099882364273,0.5536389946937561,-0.8309239745140076,0,-0.1153549998998642,0.8301590085029602,0.5454630255699158,0,0,35.94969940185547,0,1,0.9706000089645386,0.20914900302886963,0.11913000047206879,0,-0.20313000679016113,0.4462299942970276,0.8715599775314331,0,0.12912599742412567,-0.8701350092887878,0.47559601068496704,0,0,34.4093017578125,0,1,0.962643027305603,0.2707040011882782,-0.0061610001139342785,0,-0.16846400499343872,0.6165720224380493,0.7690629959106445,0,0.21198800206184387,-0.7392950057983398,0.6391429901123047,0,0,21.288000106811523,0,1
K0.033,0.9986079931259155,0.008588136173784733,0.052038077265024185,0,-0.009407146833837032,0.9998350143432617,0.015518168918788433,0,-0.0518970713019371,-0.01598517782986164,0.9985250234603882,0,0.7140276432037354,78.96564483642578,-1.0799068212509155,1,0.999862015247345,0.010827978141605854,0.012572124600410461,0,-0.014068013988435268,0.954954981803894,0.2964179217815399,0,-0.008796126581728458,-0.29655390977859497,0.9549760222434998,0,0,10.763899803161621,1.243499994277954,1,0.9994500279426575,0.01927293837070465,0.026989245787262917,0,-0.025456998497247696,0.9674239754676819,0.25187692046165466,0,-0.021256254985928535,-0.2524248957633972,0.9673830270767212,0,0,13.063300132751465,0,1,0.9995120167732239,0.014318907633423805,0.027777239680290222,0,-0.021531976759433746,0.9597520232200623,0.2800239622592926,0,-0.022649256512522697,-0.28048497438430786,0.9595909714698792,0,0,13.020500183105469,0,1,0.9994759559631348,-0.032357826828956604,0.0007599102100357413,0,0.03233782574534416,0.999299943447113,0.018824812024831772,0,-0.0013679047115147114,-0.018790820613503456,0.9998229742050171,0,-0.011900000274181366,24.670700073242188,2.02810001373291,1,0.9971680045127869,-0.048992712050676346,-0.05706505849957466,0,0.02180670201778412,0.9144729375839233,-0.40405815839767456,0,0.07198093086481094,0.4016691744327545,0.9129519462585449,0,0,8.817299842834473,6.10260009765625,1,0.22401869297027588,0.3181957006454468,-0.9211772084236145,0,0.9447072148323059,0.16134953498840332,0.2854744791984558,0,0.23946835100650787,-0.9341942071914673,-0.2644559144973755,0,9.553600311279297,16.065399169921875,-5.227799892425537,1,0.8032419681549072,0.26512619853019714,0.533394992351532,0,-0.5503082275390625,0.6730037331581116,0.49419310688972473,0,-0.2279537469148636,-0.6904881596565247,0.6864858865737915,0,0,18.035499572753906,0,1,0.45749402046203613,0.8883544206619263,0.03907027095556259,0,-0.85361647605896,0.4264480173587799,0.2991348206996918,0,0.24907590448856354,-0.17020390927791595,0.9534110426902771,0,0,26.41510009765625,0,1,0.16804607212543488,-0.2952176630496979,0.9405350685119629,0,-0.9631791710853577,0.15395700931549072,0.22041675448417664,0,-0.20987296104431152,-0.9429441690444946,-0.2584758698940277,0,-9.553600311279297,16.065399169921875,-5.227799892425537,1,0.8513955473899841,-0.1101297065615654,-0.5128321051597595,0,0.458731472492218,0.6304312944412231,0.6261956095695496,0,0.25434237718582153,-0.76839280128479,0.5872669816017151,0,0,17.95509910583496,0,1,0.35979941487312317,-0.8745601773262024,-0.3250991404056549,0,0.9314512610435486,0.3569413721561432,0.07064995169639587,0,0.05425386503338814,-0.32823413610458374,0.9430369138717651,0,0,26.41510009765625,0,1,0.9331040978431702,0.35957375168800354,-0.004748912528157234,0,-0.33534878492355347,0.874855101108551,0.3495289385318756,0,0.1298358142375946,-0.3245539963245392,0.9369140267372131,0,0,26.753400802612305,0,1,0.7856228351593018,-0.5630884766578674,0.2563753128051758,0,-0.029611747711896896,0.3796776235103607,0.9246445298194885,0,-0.6179958581924438,-0.7340136170387268,0.28160926699638367,0,8.654199600219727,18.447799682617188,-1.479599952697754,1,0.9724640250205994,-0.14526423811912537,-0.18224036693572998,0,0.22952696681022644,0.46148547530174255,0.8569401502609253,0,-0.040382020175457,-0.8751732110977173,0.4821203947067261,0,0,7.514400005340576,0,1,0.9682700037956238,-0.23155899345874786,-0.09399300068616867,0,0.24514399468898773,0.9531599879264832,0.1771720051765442,0,0.04856500029563904,-0.19459199905395508,0.9796810150146484,0,0,7.4893999099731445,0,1,-0.001098167966119945,0.9296497106552124,-0.3684404194355011,0,0.49727287888526917,0.3201649487018585,0.8063586354255676,0,0.8675940632820129,-0.18233005702495575,-0.4626412093639374,0,-10.003100395202637,17.50779914855957,0.4779999852180481,1,0.45898905396461487,0.8878980875015259,0.031046094372868538,0,-0.8872710466384888,0.45989710092544556,-0.035242341458797455,0,-0.04556926339864731,-0.011370244435966015,0.9988960027694702,0,0,7.0441999435424805,0,1,0.7526299953460693,0.6584429740905762,0.000375000003259629,0,-0.6584429740905762,0.7526299953460693,0.0006639999919570982,0,0.00015500000154133886,-0.0007459999760612845,1,0,0,7.07889986038208,0,1,0.4563887417316437,-0.75358647108078,0.4730917513370514,0,0.07090441882610321,0.5608060359954834,0.8249049782752991,0,-0.8869508504867554,-0.34293338656425476,0.3093782961368561,0,6.16349983215332,2.492300033569336,4.446400165557861,1,0.9216798543930054,0.386408269405365,0.03456810489296913,0,-0.36219727993011475,0.8889949321746826,-0.28018176555633545,0,-0.13899508118629456,0.24571770429611206,0.959324061870575,0,0,10.472999572753906,0,1,0.9422839879989624,0.29955899715423584,0.14955300092697144,0,-0.24067500233650208,0.9165350198745728,-0.3194360136985779,0,-0.2327599972486496,0.26500600576400757,0.9357320070266724,0,0,8.498800277709961,0,1,-0.8982961177825928,-0.35655105113983154,0.2567804753780365,0,0.4385106563568115,-0.6905035972595215,0.5752507448196411,0,-0.027798734605312347,0.6293464303016663,0.7766276001930237,0,13.656000137329102,-7.135300159454346,0.12970000505447388,1,0.9859070181846619,-0.11581744253635406,0.12071843445301056,0,0.16157713532447815,0.47223520278930664,-0.86653733253479,0,0.04335246607661247,0.8738304972648621,0.4842941164970398,0,0,35.94969940185547,0,1,0.9699299335479736,-0.1516762524843216,-0.19034205377101898,0,0.23692813515663147,0.4094846844673157,0.8810151219367981,0,-0.055686287581920624,-0.8996201157569885,0.43310773372650146,0,0,34.4093017578125,0,1,0.9742119908332825,-0.1660889834165573,-0.15272405743598938,0,0.22409303486347198,0.6332899332046509,0.740760087966919,0,-0.026312975212931633,-0.7558820843696594,0.6541779637336731,0,0,21.288000106811523,0,1,-0.9161940813064575,0.22893103957176208,-0.32890579104423523,0,-0.39348694682121277,-0.6693341732025146,0.6302058100700378,0,-0.07587438076734543,0.7068117260932922,0.7033212780952454,0,-13.656000137329102,-7.135200023651123,0.12970000505447388,1,0.9944749474525452,0.05752221494913101,0.08781151473522186,0,0.05021248757839203,0.47393709421157837,-0.8791254162788391,0,-0.092186339199543,0.8786774277687073,0.4684300124645233,0,0,35.94969940185547,0,1,0.9750279188156128,0.1930564045906067,0.10976793617010117,0,-0.18636317551136017,0.44246020913124084,0.8772099018096924,0,0.12078333646059036,-0.8757618069648743,0.4673892557621002,0,0,34.4093017578125,0,1,0.9576709866523743,0.2873450219631195,-0.01728319376707077,0,-0.1636887937784195,0.592968761920929,0.7884122133255005,0,0.23679520189762115,-0.7522101998329163,0.6149047017097473,0,0,21.288000106811523,0,1
K0.067,0.9979599714279175,0.022143865004181862,0.05988692119717598,0,-0.024112854152917862,0.9991859793663025,0.03235283121466637,0,-0.05912093073129654,-0.033730823546648026,0.9976810216903687,0,1.0793004035949707,76.98280334472656,-2.0624492168426514,1,0.9996500015258789,0.00866602174937725,0.025012876838445663,0,-0.015489986166357994,0.9577320218086243,0.28724607825279236,0,-0.021466873586177826,-0.28753307461738586,0.9575300216674805,0,0,10.763899803161621,1.243499994277954,1,0.9985859990119934,0.01307506114244461,0.05152275785803795,0,-0.025228001177310944,0.9697350263595581,0.24285508692264557,0,-0.046787746250629425,-0.24381108582019806,0.9686930179595947,0,0,13.063300132751465,0,1,0.9986410140991211,0.005073091946542263,0.05186976119875908,0,-0.01927202194929123,0.9606540203094482,0.2770770192146301,0,-0.04842374473810196,-0.2777010202407837,0.9594460129737854,0,0,13.020500183105469,0,1,0.9933260679244995,-0.1150461807847023,-0.008218910545110703,0,0.11505018174648285,0.9933600425720215,-0.000016812731701065786,0,0.008165905252099037,-0.0009291775058954954,0.999966025352478,0,-0.011900000274181366,24.670700073242188,2.02810001373291,1,0.9978139996528625,-0.020285284146666527,-0.06289593875408173,0,-0.00796570349484682,0.9078710675239563,-0.41917484998703003,0,0.065604068338871,0.4187588095664978,0.905724048614502,0,0,8.817299842834473,6.10260009765625,1,0.1926083117723465,0.287874311208725,-0.9380998015403748,0,0.9656108021736145,0.11453346163034439,0.2334035187959671,0,0.1746356338262558,-0.9507948160171509,-0.2559140920639038,0,9.553600311279297,16.065399169921875,-5.227799892425537,1,0.7948030829429626,0.28515079617500305,0.5357030034065247,0,-0.5721917748451233,0.6462322473526001,0.5049558877944946,0,-0.20219925045967102,-0.7078648209571838,0.6767880916595459,0,0,18.035499572753906,0,1,0.35917899012565613,0.9309135675430298,0.06625872850418091,0,-0.9018625020980835,0.3279529809951782,0.28123217821121216,0,0.2400720864534378,-0.16076909005641937,0.957349956035614,0,0,26.41510009765625,0,1,0.1754259318113327,-0.26298731565475464,0.948716938495636,0,-0.9788708090782166,0.05624697357416153,0.19659323990345,0,-0.1050640419125557,-0.9631588459014893,-0.24756310880184174,0,-9.553600311279297,16.065399169921875,-5.227799892425537,1,0.9052414894104004,0.01947971060872078,-0.4244498610496521,0,0.3079184889793396,0.6582736968994141,0.6869214177131653,0,0.2927856147289276,-0.7525261640548706,0.5898990035057068,0,0,17.95509910583496,0,1,0.3001646101474762,-0.891670823097229,-0.3388558626174927,0,0.9530077576637268,0.2955766022205353,0.06640604138374329,0,0.04094613343477249,-0.34286585450172424,0.9384920597076416,0,0,26.41510009765625,0,1,0.9424018859863281,0.33445724844932556,0.003990912809967995,0,-0.3153492212295532,0.8844558596611023,0.3439360558986664,0,0.11150217801332474,-0.3253839910030365,0.9389849901199341,0,0,26.753400802612305,0,1,0.7701261639595032,-0.6096954941749573,0.18755468726158142,0,-0.2042812556028366,0.04281134903430939,0.9779754877090454,0,-0.6042971014976501,-0.791477382183075,-0.09157928824424744,0,8.654199600219727,18.447799682617188,-1.479599952697754,1,0.9730669856071472,-0.06881275773048401,-0.22001062333583832,0,0.22660602629184723,0.11038748919963837,0.9677098989486694,0,-0.042304981499910355,-0.9915028810501099,0.12300857156515121,0,0,7.514400005340576,0,1,0.9682700037956238,-0.23155899345874786,-0.09399300068616867,0,0.24514399468898773,0.9531599879264832,0.1771710067987442,0,0.04856399819254875,-0.1945910006761551,0.9796810150146484,0,0,7.4893999099731445,0,1,-0.017889833077788353,0.999793291091919,-0.009582567028701305,0,0.4844341278076172,0.017051011323928833,0.8746613264083862,0,0.874644935131073,0.011005078442394733,-0.4846387803554535,0,-10.003100395202637,17.50779914855957,0.4779999852180481,1,0.06712989509105682,0.9969159364700317,0.040622904896736145,0,-0.9951369166374207,0.06983987241983414,-0.06945465505123138,0,-0.07207773625850677,-0.03576275706291199,0.996757984161377,0,0,7.0441999435424805,0,1,0.7526299953460693,0.6584429740905762,0.000375000003259629,0,-0.6584429740905762,0.7526299953460693,0.0006639999919570982,0,0.00015500000154133886,-0.0007459999760612845,1,0,0,7.07889986038208,0,1,0.2300262451171875,-0.8035765290260315,0.5489552021026611,0,0.012605579569935799,0.5664939284324646,0.8239690065383911,0,-0.9731021523475647,-0.18261459469795227,0.14043869078159332,0,6.16349983215332,2.492300033569336,4.446400165557861,1,0.9095560908317566,0.41312074661254883,0.04515589401125908,0,-0.3890487253665924,0.8846460580825806,-0.25698524713516235,0,-0.14611291885375977,0.21617530286312103,0.9653599262237549,0,0,10.472999572753906,0,1,0.9422839879989624,0.29955899715423584,0.14955300092697144,0,-0.24067500233650208,0.9165350198745728,-0.3194369971752167,0,-0.2327599972486496,0.26500600576400757,0.9357320070266724,0,0,8.498800277709961,0,1,-0.9094238877296448,-0.36244893074035645,0.2039095163345337,0,0.4034063518047333,-0.6497054100036621,0.6443182826042175,0,-0.10105127096176147,0.6682166457176208,0.7370724081993103,0,13.656000137329102,-7.135300159454346,0.12970000505447388,1,0.9845860004425049,-0.06018355116248131,0.16421756148338318,0,0.17462486028671265,0.39079079031944275,-0.9037636518478394,0,-0.00978247169405222,0.9185096025466919,0.39527690410614014,0,0,35.94969940185547,0,1,0.9643300771713257,-0.1774517446756363,-0.19641494750976562,0,0.2509148418903351,0.37642231583595276,0.891822874546051,0,-0.08432071655988693,-0.9092949032783508,0.4075212776660919,0,0,34.4093017578125,0,1,0.9735400080680847,-0.1651270091533661,-0.15796396136283875,0,0.22725597023963928,0.6271330714225769,0.7450229525566101,0,-0.023959023877978325,-0.7612079381942749,0.6480650305747986,0,0,21.288000106811523,0,1,-0.9221169352531433,0.23347195982933044,-0.3085311949253082,0,-0.38664504885673523,-0.5856408476829529,0.7124121785163879,0,-0.014360611326992512,0.7762193083763123,0.6302996873855591,0,-13.656000137329102,-7.135200023651123,0.12970000505447388,1,0.9870570302009583,0.07906978577375412,0.13951849937438965,0,0.09894751757383347,0.38437190651893616,-0.9178606271743774,0,-0.12620165944099426,0.9197855591773987,0.37157294154167175,0,0,35.94969940185547,0,1,0.9668270349502563,0.23370060324668884,0.103098064661026,0,-0.20380881428718567,0.4625048041343689,0.8628740906715393,0,0.15397067368030548,-0.8552621603012085,0.49479272961616516,0,0,34.4093017578125,0,1,0.9557960033416748,0.29172995686531067,-0.0367078073322773,0,-0.142669215798378,0.5693042278289795,0.8096527457237244,0,0.2570977807044983,-0.768625795841217,0.5857592821121216,0,0,21.288000106811523,0,1
K0.100,0.999779999256134,0.020860999822616577,-0.0021739972289651632,0,-0.02074199914932251,0.998773992061615,0.04495000094175339,0,0.003108997130766511,-0.044895000755786896,0.9989870190620422,0,0.7426480054855347,75.26465606689453,-2.7762749195098877,1,0.9994400143623352,0.0006420003483071923,0.033466000109910965,0,-0.00978699978441,0.9617260098457336,0.27383700013160706,0,-0.032009001821279526,-0.2740109860897064,0.9611939787864685,0,0,10.763899803161621,1.243499994277954,1,0.9976840019226074,-0.004530998878180981,0.06786700338125229,0,-0.011281001381576061,0.9729380011558533,0.23079100251197815,0,-0.06707599759101868,-0.23102200031280518,0.9706339836120605,0,0,13.063300132751465,0,1,0.9976459741592407,-0.015113999135792255,0.06688699871301651,0,-0.0038190006744116545,0.9616490006446838,0.27425500750541687,0,-0.06846699863672256,-0.2738650143146515,0.9593279957771301,0,0,13.020500183105469,0,1,0.9831569790840149,-0.18255500495433807,0.008714999072253704,0,0.1827619969844818,0.9818260073661804,-0.05115499719977379,0,0.0007820003665983677,0.051885996013879776,0.998652994632721,0,-0.011900000274181366,24.670700073242188,2.02810001373291,1,0.9981020092964172,0.035864997655153275,-0.05006200075149536,0,-0.052872996777296066,0.9158629775047302,-0.3979949951171875,0,0.0315760001540184,0.39988699555397034,0.9160209894180298,0,0,8.817299842834473,6.10260009765625,1,0.13610300421714783,0.25127100944519043,-0.958299994468689,0,0.9841669797897339,0.07656899839639664,0.159852996468544,0,0.11354299634695053,-0.964883029460907,-0.23687100410461426,0,9.553600311279297,16.065399169921875,-5.227799892425537,1,0.7771369814872742,0.3239870071411133,0.5395269989967346,0,-0.6065660119056702,0.6141020059585571,0.5049309730529785,0,-0.16773399710655212,-0.7196599841117859,0.6737620234489441,0,0,18.035499572753906,0,1,0.247871994972229,0.9673550128936768,0.05275600031018257,0,-0.9336479902267456,0.2239910066127777,0.2795160114765167,0,0.2585749924182892,-0.11853999644517899,0.9586910009384155,0,0,26.41510009765625,0,1,0.16012200713157654,-0.24245299398899078,0.9568579792976379,0,-0.9859110116958618,0.008221002295613289,0.1670670062303543,0,-0.04837200418114662,-0.9701279997825623,-0.23772099614143372,0,-9.553600311279297,16.065399169921875,-5.227799892425537,1,0.9336159825325012,0.161188006401062,-0.3199700117111206,0,0.16479800641536713,0.5997909903526306,0.7830020189285278,0,0.31812500953674316,-0.783752977848053,0.5334110260009766,0,0,17.95509910583496,0,1,0.40874800086021423,-0.8277080059051514,-0.3844810128211975,0,0.9069240093231201,0.41548600792884827,0.06971099972724915,0,0.10204499959945679,-0.3771890103816986,0.9204970002174377,0,0,26.41510009765625,0,1,0.9641119837760925,0.26315200328826904,-0.03521300107240677,0,-0.2385990023612976,0.916949987411499,0.3197999894618988,0,0.11644399911165237,-0.29992198944091797,0.9468299746513367,0,0,26.753400802612305,0,1,0.7818019986152649,-0.6021649837493896,0.1618109941482544,0,-0.28135401010513306,-0.10909799486398697,0.9533820152282715,0,-0.556439995765686,-0.7908830046653748,-0.2547149956226349,0,8.654199600219727,18.447799682617188,-1.479599952697754,1,0.976626992225647,-0.03158999979496002,-0.21260599792003632,0,0.2107039988040924,-0.054698992520570755,0.9760180115699768,0,-0.042461998760700226,-0.9980030059814453,-0.04676499217748642,0,0,7.514400005340576,0,1,0.9682700037956238,-0.23155899345874786,-0.09399300068616867,0,0.24514399468898773,0.9531599879264832,0.1771710067987442,0,0.04856500029563904,-0.1945910006761551,0.9796810150146484,0,0,7.4893999099731445,0,1,-0.0106800002977252,0.9847670197486877,0.1735529899597168,0,0.46762600541114807,-0.14849600195884705,0.8713639974594116,0,0.8838620185852051,0.09046400338411331,-0.4589160084724426,0,-10.003100395202637,17.50779914855957,0.4779999852180481,1,-0.1400589793920517,0.9892870187759399,0.04115999862551689,0,-0.9871240258216858,-0.13626699149608612,-0.08376999944448471,0,-0.07726400345563889,-0.052361998707056046,0.9956349730491638,0,0,7.0441999435424805,0,1,0.7526299953460693,0.6584439873695374,0.000375000003259629,0,-0.6584439873695374,0.7526289820671082,0.0006639999919570982,0,0.00015500000154133886,-0.0007459999760612845,1,0,0,7.07889986038208,0,1,0.18033799529075623,-0.8128439784049988,0.5538610219955444,0,0.00003000056130986195,0.5630980134010315,0.8263900279998779,0,-0.9836050271987915,-0.1490129977464676,0.10157199949026108,0,6.16349983215332,2.492300033569336,4.446400165557861,1,0.9117860198020935,0.4091779887676239,0.03491799905896187,0,-0.3888759911060333,0.8876090049743652,-0.24683299660682678,0,-0.13199199736118317,0.2114800065755844,0.9684290289878845,0,0,10.472999572753906,0,1,0.9422839879989624,0.29955899715423584,0.14955300092697144,0,-0.24067500233650208,0.9165350198745728,-0.3194369971752167,0,-0.2327599972486496,0.26500600576400757,0.9357320070266724,0,0,8.498800277709961,0,1,-0.9147560000419617,-0.3779819905757904,0.14265699684619904,0,0.3575479984283447,-0.5930160284042358,0.7214509844779968,0,-0.1880979984998703,0.7109580039978027,0.6776109933853149,0,13.656000137329102,-7.135300159454346,0.12970000505447388,1,0.9842110276222229,-0.039468999952077866,0.17253999412059784,0,0.17578500509262085,0.3318270146846771,-0.926816999912262,0,-0.020672999322414398,0.9425140023231506,0.33352598547935486,0,0,35.94969940185547,0,1,0.9605259895324707,-0.19619399309158325,-0.19722400605678558,0,0.25925400853157043,0.3742150068283081,0.8903650045394897,0,-0.10087999701499939,-0.9063500165939331,0.41030699014663696,0,0,34.4093017578125,0,1,0.9713770151138306,-0.1567700058221817,-0.17846299707889557,0,0.23723700642585754,0.6022520065307617,0.762241005897522,0,-0.01201700046658516,-0.7827619910240173,0.6222050189971924,0,0,21.288000106811523,0,1,-0.917747974395752,0.23526699841022491,-0.31998100876808167,0,-0.3970789909362793,-0.5269730091094971,0.7514169812202454,0,0.0081619992852211,0.8166689872741699,0.5770480036735535,0,-13.656000137329102,-7.135200023651123,0.12970000505447388,1,0.9749510288238525,0.11345499753952026,0.19130900502204895,0,0.1499519944190979,0.2999739944934845,-0.9420880079269409,0,-0.1642719954252243,0.947176992893219,0.2754470109939575,0,0,35.94969940185547,0,1,0.9501870274543762,0.2943210005760193,0.10256200283765793,0,-0.2414100021123886,0.4868389964103699,0.8394700288772583,0,0.19714300334453583,-0.8224130272865295,0.5336400270462036,0,0,34.4093017578125,0,1,0.9567340016365051,0.2901259958744049,0.02207299880683422,0,-0.17232200503349304,0.5038599967956543,0.846422016620636,0,0.23444800078868866,-0.8136039972305298,0.5320550203323364,0,0,21.288000106811523,0,1
