0.867,30,26,37
B0,mixamorig_Hips,-1,0.9963974356651306,0.06919783353805542,-0.048971645534038544,0,-0.04488176852464676,0.9206632971763611,0.38776710629463196,0,0.07191938161849976,-0.38417428731918335,0.920452356338501,0,3.5850892066955566,77.7549057006836,0.30287447571754456,1
B1,mixamorig_Spine,0,0.9958624243736267,-0.07205777615308762,-0.05529718101024628,0,0.08780696988105774,0.9194928407669067,0.38316798210144043,0,0.02323751524090767,-0.38644346594810486,0.9220178127288818,0,0,10.763899803161621,1.243499994277954,1
B2,mixamorig_Spine1,1,0.9998459219932556,-0.010706973262131214,0.013829981908202171,0,0.008089018054306507,0.9841557741165161,0.17711691558361053,0,-0.01550727803260088,-0.1769789308309555,0.9840916991233826,0,0,13.063300132751465,0,1
B3,mixamorig_Spine2,2,0.999751627445221,-0.021448684856295586,0.00601933104917407,0,0.01826206035912037,0.9438281059265137,0.32993069291114807,0,-0.012757622636854649,-0.32973894476890564,0.943985104560852,0,0,13.020500183105469,0,1
B4,mixamorig_Neck,3,0.9710466265678406,0.12824968993663788,-0.20151962339878082,0,-0.23736970126628876,0.612432062625885,-0.7540419697761536,0,0.026711445301771164,0.7800444960594177,0.6251480579376221,0,-0.011900000274181366,24.670700073242188,2.02810001373291,1
B5,mixamorig_Head,4,0.9763436317443848,-0.1836635172367096,0.11409682780504227,0,0.19283810257911682,0.9783355593681335,-0.07530476152896881,0,-0.09779505431652069,0.09552526473999023,0.9906116724014282,0,0,8.817299842834473,6.10260009765625,1
B6,mixamorig_HeadTop_End,5,1,0,0,0,0,1,0,0,0,0,1,0,0,20.493900299072266,-0.2824999988079071,1
B7,mixamorig_LeftShoulder,3,-0.2009514719247818,0.02552836574614048,-0.9792682528495789,0,0.9353587031364441,0.3020198941230774,-0.18406766653060913,0,0.2910597324371338,-0.9529567956924438,-0.08456669002771378,0,9.553600311279297,16.065399169921875,-5.227799892425537,1
B8,mixamorig_LeftArm,7,0.618309497833252,0.404135137796402,0.6740491390228271,0,-0.7725195288658142,0.4701840579509735,0.4267347455024719,0,-0.14448095858097076,-0.7845984697341919,0.6029247641563416,0,0,18.035499572753906,0,1
B9,mixamorig_LeftForeArm,8,0.6601431965827942,0.7511380314826965,-0.000003000000106112566,0,-0.7511380314826965,0.6601431965827942,-0.000018000000636675395,0,-0.000011000000085914508,0.000014000000192027073,1,0,0,26.41510009765625,0,1
B10,mixamorig_LeftHand,9,1,0,0,0,0,1,0,0,0,0,1,0,0,26.753400802612305,0,1
B11,mixamorig_RightShoulder,3,-0.09479513019323349,-0.006556164938956499,0.9954747557640076,0,-0.9916976094245911,0.08788832277059555,-0.0938565582036972,0,-0.08687504380941391,-0.996107816696167,-0.014833187684416771,0,-9.553600311279297,16.065399169921875,-5.227799892425537,1
B12,mixamorig_RightArm,11,0.7396449446678162,-0.26330119371414185,-0.6193487048149109,0,0.6521229147911072,0.5078203082084656,0.5628958344459534,0,0.16630561649799347,-0.820237398147583,0.547311544418335,0,0,17.95509910583496,0,1
B13,mixamorig_RightForeArm,12,0.7443526387214661,-0.6677818894386292,0.000003000000106112566,0,0.6677818894386292,0.7443526387214661,-0.000018000000636675395,0,0.000009999999747378752,0.000014999999621068127,1,0,0,26.41510009765625,0,1
B14,mixamorig_RightHand,13,0.9899735450744629,0.07106803357601166,-0.1220536008477211,0,-0.05081772059202194,0.9855362772941589,0.16166171431541443,0,0.13177724182605743,-0.15383613109588623,0.979268491268158,0,0,26.753400802612305,0,1
B15,mixamorig_RightHandIndex1,14,0.951619029045105,-0.3071030080318451,0.010425000451505184,0,0.305117130279541,0.9403615593910217,-0.150412455201149,0,0.036388903856277466,0.14631663262844086,0.9885685443878174,0,8.654199600219727,18.447799682617188,-1.479599952697754,1
B16,mixamorig_RightHandIndex2,15,1,-0.0006410016794689,-0.00014200169243849814,0,0.0006410016794689,0.9060463309288025,0.4231783449649811,0,-0.00014200169243849814,-0.4231783449649811,0.9060463309288025,0,0,7.514400005340576,0,1
B17,mixamorig_RightHandIndex3,16,0.9995179772377014,-0.03033600002527237,-0.006593999918550253,0,0.030913999304175377,0.9532170295715332,0.3007020056247711,0,-0.0028359999414533377,-0.30076101422309875,0.9536949992179871,0,0,7.4893999099731445,0,1
B18,mixamorig_RightHandIndex4,17,1,0,0,0,0,1,0,0,0,0,1,0,0,6.769700050354004,0,1
B19,mixamorig_RightHandPinky1,14,-0.03638790547847748,-0.14631663262844086,-0.9885685443878174,0,0.305117130279541,0.9403615593910217,-0.150412455201149,0,0.951619029045105,-0.3071030080318451,0.010425999760627747,0,-10.003100395202637,17.50779914855957,0.4779999852180481,1
B20,mixamorig_RightHandPinky2,19,0.9060463309288025,0.4231783449649811,0.00014200169243849814,0,-0.4231783449649811,0.9060463309288025,0.0006410016794689,0,0.00014200169243849814,-0.0006410016794689,1,0,0,7.0441999435424805,0,1
B21,mixamorig_RightHandPinky3,20,0.9769799709320068,0.2133290022611618,0.000035000000934815034,0,-0.2133290022611618,0.9769799709320068,0.0003229999856557697,0,0.000035000000934815034,-0.0003229999856557697,1,0,0,7.07889986038208,0,1
B22,mixamorig_RightHandPinky4,21,1,0,0,0,0,1,0,0,0,0,1,0,0,7.0929999351501465,0,1
B23,mixamorig_RightHandThumb1,14,0.32116401195526123,-0.9136710166931152,0.2491150051355362,0,0.7130460143089294,0.4064120054244995,0.571308970451355,0,-0.6232320070266724,-0.005853999871760607,0.7820150256156921,0,6.16349983215332,2.492300033569336,4.446400165557861,1
B24,mixamorig_RightHandThumb2,23,0.9230110049247742,0.37851300835609436,-0.06913299858570099,0,-0.3716920018196106,0.8306649923324585,-0.4145379960536957,0,-0.09948199987411499,0.40831899642944336,0.907401978969574,0,0,10.472999572753906,0,1
B25,mixamorig_RightHandThumb3,24,0.9743580222129822,0.22425900399684906,-0.018285000696778297,0,-0.22070899605751038,0.9368000030517578,-0.2714639902114868,0,-0.04374900087714195,0.2685379981994629,0.9622750282287598,0,0,8.498800277709961,0,1
B26,mixamorig_RightHandThumb4,25,1,0,0,0,0,1,0,0,0,0,1,0,0,8.025300025939941,0,1
B27,mixamorig_LeftUpLeg,0,-0.9857671856880188,0.12761050462722778,0.10943345725536346,0,0.0012700362130999565,-0.6452548503875732,0.7639108300209045,0,0.16811113059520721,0.7531774044036865,0.635907769203186,0,13.656000137329102,-7.135300159454346,0.12970000505447388,1
B28,mixamorig_LeftLeg,27,0.9672576189041138,-0.24138331413269043,-0.07826554775238037,0,0.005350165534764528,0.32763785123825073,-0.9447506666183472,0,0.2537125051021576,0.9134031534194946,0.3181920647621155,0,0,35.94969940185547,0,1
B29,mixamorig_LeftFoot,28,0.9791059494018555,0.19392545521259308,0.061185531318187714,0,-0.07333419471979141,0.05609021335840225,0.9957283735275269,0,0.1896647959947586,-0.9794110059738159,0.06914089620113373,0,0,34.4093017578125,0,1
B30,mixamorig_LeftToeBase,29,0.9990565776824951,-0.04305160790681839,0.005618998780846596,0,0.025627098977565765,0.6892330646514893,0.724086344242096,0,-0.03504623472690582,-0.7232587933540344,0.6896868348121643,0,0,21.288000106811523,0,1
B31,mixamorig_LeftToe_End,30,1,0,0,0,0,1,0,0,0,0,1,0,0,16.883800506591797,0,1
B32,mixamorig_RightUpLeg,0,-0.9368107914924622,0.07917991280555725,-0.34075888991355896,0,-0.343433678150177,-0.3936471939086914,0.852698028087616,0,-0.06662207096815109,0.9158443808555603,0.3959665894508362,0,-13.656000137329102,-7.135200023651123,0.12970000505447388,1
B33,mixamorig_RightLeg,32,0.9341915249824524,0.31275084614753723,-0.17165812849998474,0,-0.04865116998553276,-0.3650042414665222,-0.9297196269035339,0,-0.35343170166015625,0.8768870234489441,-0.3257698714733124,0,0,35.94969940185547,0,1
B34,mixamorig_RightFoot,33,0.9983178377151489,-0.05593850463628769,-0.015236546285450459,0,0.04422876238822937,0.564932644367218,0.8239351511001587,0,-0.03748175501823425,-0.8232225179672241,0.5664564967155457,0,0,34.4093017578125,0,1
B35,mixamorig_RightToeBase,34,0.9880129098892212,0.03186338394880295,-0.15095765888690948,0,0.12833765149116516,0.37357333302497864,0.9186531901359558,0,0.0856441780924797,-0.9270302057266235,0.365001380443573,0,0,21.288000106811523,0,1
B36,mixamorig_RightToe_End,35,1,0,0,0,0,1,0,0,0,0,1,0,0,16.883800506591797,0,1
@30,0,1,2,3,4,5,7,8,9,11,12,13,14,15,16,17,19,20,21,23,24,25,27,28,29,30,32,33,34,35
K0.000,0.9965940117835999,-0.014894000254571438,0.08110299706459045,0,-0.013891000300645828,0.9391689896583557,0.3431749939918518,0,-0.08128099888563156,-0.34313300251960754,0.9357630014419556,0,-0.00002099999983329326,81.44076538085938,0.000004999999873689376,1,0.9947149753570557,0.06984099745750427,-0.0752670019865036,0,-0.031197000294923782,0.9039520025253296,0.4264949858188629,0,0.09782399982213974,-0.42189300060272217,0.9013530015945435,0,0,10.763899803161621,1.243499994277954,1,0.9960089921951294,0.08277200162410736,0.03339700028300285,0,-0.08776900172233582,0.9762780070304871,0.19793400168418884,0,-0.016220999881625175,-0.20007500052452087,0.9796460270881653,0,0,13.063300132751465,0,1,0.9969689846038818,0.07030799984931946,0.03331200033426285,0,-0.07754699885845184,0.9325659871101379,0.3525710105895996,0,-0.006277000065892935,-0.3540860116481781,0.9351919889450073,0,0,13.020500183105469,0,1,0.9206010103225708,-0.3816179931163788,-0.08283700048923492,0,0.17715799808502197,0.5971819758415222,-0.7822970151901245,0,0.3480069935321808,0.7055079936981201,0.617372989654541,0,-0.011900000274181366,24.670700073242188,2.02810001373291,1,0.9539750218391418,0.17610299587249756,0.24273499846458435,0,-0.1492449939250946,0.9808599948883057,-0.12506000697612762,0,-0.2601119875907898,0.08307699859142303,0.9619979858398438,0,0,8.817299842834473,6.10260009765625,1,-0.0324070006608963,0.05680999904870987,-0.997859001159668,0,0.9979150295257568,-0.05392200127243996,-0.03547900170087814,0,-0.05582199990749359,-0.9969279766082764,-0.054944999516010284,0,9.553600311279297,16.065399169921875,-5.227799892425537,1,0.8531839847564697,0.4783349931240082,0.20802199840545654,0,-0.5086659789085388,0.6746860146522522,0.5348439812660217,0,0.11548499763011932,-0.5621340274810791,0.818943977355957,0,0,18.035499572753906,0,1,0.6710529923439026,0.7414100170135498,-0.000003000000106112566,0,-0.7414100170135498,0.6710529923439026,-0.00001700000029813964,0,-0.000011000000085914508,0.000014000000192027073,1,0,0,26.41510009765625,0,1,-0.013621999882161617,-0.0258799996227026,0.9995719790458679,0,-0.9998850226402283,0.00699299992993474,-0.013445000164210796,0,-0.006641999818384647,-0.9996410012245178,-0.025971999391913414,0,-9.553600311279297,16.065399169921875,-5.227799892425537,1,0.5701720118522644,-0.5965480208396912,-0.5648319721221924,0,0.76289302110672,0.6395609974861145,0.09463299810886383,0,0.30479198694229126,-0.4848630130290985,0.8197619915008545,0,0,17.95509910583496,0,1,0.745881974697113,-0.6660779714584351,0.000003000000106112566,0,0.6660779714584351,0.745881974697113,-0.000018000000636675395,0,0.000009999999747378752,0.000014999999621068127,1,0,0,26.41510009765625,0,1,0.8063079714775085,0.20298099517822266,-0.5555769801139832,0,-0.02681099995970726,0.9508510231971741,0.3084850013256073,0,0.5908880233764648,-0.2338390052318573,0.772121012210846,0,0,26.753400802612305,0,1,0.9516080021858215,-0.30713701248168945,0.01042999979108572,0,0.30594301223754883,0.9436140060424805,-0.1264529973268509,0,0.02899700030684471,0.12352500110864639,0.9919180274009705,0,8.654199600219727,18.447799682617188,-1.479599952697754,1,1,-0.0006539999740198255,-0.00014899999951012433,0,0.0006549999816343188,0.9017419815063477,0.4322740137577057,0,-0.00014800000644754618,-0.4322740137577057,0.9017419815063477,0,0,7.514400005340576,0,1,0.9995179772377014,-0.03033600002527237,-0.006593999918550253,0,0.030913999304175377,0.9532170295715332,0.3007020056247711,0,-0.002836999949067831,-0.30076101422309875,0.9536949992179871,0,0,7.4893999099731445,0,1,-0.028996000066399574,-0.12352500110864639,-0.9919180274009705,0,0.30594301223754883,0.9436150193214417,-0.1264529973268509,0,0.9516080021858215,-0.30713701248168945,0.010431000031530857,0,-10.003100395202637,17.50779914855957,0.4779999852180481,1,0.9017419815063477,0.4322740137577057,0.00014899999951012433,0,-0.4322740137577057,0.9017419815063477,0.0006549999816343188,0,0.00014899999951012433,-0.0006549999816343188,1,0,0,7.0441999435424805,0,1,0.9769799709320068,0.2133290022611618,0.000035000000934815034,0,-0.2133290022611618,0.9769799709320068,0.0003229999856557697,0,0.000035000000934815034,-0.0003229999856557697,1,0,0,7.07889986038208,0,1,0.32116401195526123,-0.9136710166931152,0.2491150051355362,0,0.7130470275878906,0.4064120054244995,0.571308970451355,0,-0.6232320070266724,-0.005853000096976757,0.7820150256156921,0,6.16349983215332,2.492300033569336,4.446400165557861,1,0.9230110049247742,0.37851300835609436,-0.06913299858570099,0,-0.3716920018196106,0.8306649923324585,-0.4145379960536957,0,-0.099481001496315,0.40831899642944336,0.907401978969574,0,0,10.472999572753906,0,1,0.9743580222129822,0.22425900399684906,-0.018285000696778297,0,-0.22070899605751038,0.9368000030517578,-0.2714639902114868,0,-0.04374900087714195,0.2685390114784241,0.9622750282287598,0,0,8.498800277709961,0,1,-0.9871609807014465,0.042041998356580734,0.1540980041027069,0,0.11065399646759033,-0.5157409906387329,0.8495690226554871,0,0.1151920035481453,0.8557130098342896,0.5044670104980469,0,13.656000137329102,-7.135300159454346,0.12970000505447388,1,0.9963979721069336,0.08457600325345993,0.0060789999552071095,0,-0.007091000210493803,0.15455099940299988,-0.9879590272903442,0,-0.08449699729681015,0.984358012676239,0.15459400415420532,0,0,35.94969940185547,0,1,0.9981679916381836,-0.06003100052475929,-0.007499000057578087,0,0.035645999014377594,0.4834440052509308,0.8746489882469177,0,-0.04887999966740608,-0.8733140230178833,0.48469799757003784,0,0,34.4093017578125,0,1,0.9998409748077393,-0.005985999945551157,0.016797000542283058,0,-0.013302000239491463,0.37695398926734924,0.9261360168457031,0,-0.011876000091433525,-0.9262120127677917,0.37681499123573303,0,0,21.288000106811523,0,1,-0.9690030217170715,-0.046133000403642654,-0.24270400404930115,0,-0.11211299896240234,-0.7933099865913391,0.5984060168266296,0,-0.22014600038528442,0.6070669889450073,0.7635480165481567,0,-13.656000137329102,-7.135200023651123,0.12970000505447388,1,0.9149479866027832,0.36243799328804016,0.17750699818134308,0,-0.02798900008201599,0.4957680106163025,-0.8680040240287781,0,-0.4025999903678894,0.7892100214958191,0.4637469947338104,0,0,35.94969940185547,0,1,0.9661210179328918,-0.2517699897289276,-0.056756000965833664,0,0.08376999944448471,0.09790199995040894,0.9916639924049377,0,-0.24411499500274658,-0.9628220200538635,0.11567600071430206,0,0,34.4093017578125,0,1,1,0.000028000000384054147,0.00003300000025774352,0,-0.00004400000034365803,0.6174089908599854,0.7866430282592773,0,0,-0.7866430282592773,0.6174089908599854,0,0,21.288000106811523,0,1
K0.033,0.9923709630966187,-0.001994932536035776,0.12327336519956589,0,-0.042884230613708496,0.9318488836288452,0.36030322313308716,0,-0.11559129506349564,-0.3628402352333069,0.9246538877487183,0,-0.26905587315559387,83.3139419555664,0.051479361951351166,1,0.991331934928894,0.041618671268224716,-0.12461644411087036,0,0.01365246344357729,0.9107340574264526,0.41276785731315613,0,0.13067127764225006,-0.4108909070491791,0.9022709727287292,0,0,10.763899803161621,1.243499994277954,1,0.9976029992103577,0.06761881709098816,0.014694828540086746,0,-0.06917578727006912,0.9798580408096313,0.187332883477211,0,-0.0017318722093477845,-0.18790088593959808,0.9821860194206238,0,0,13.063300132751465,0,1,0.9981719851493835,0.05836184695363045,0.015729838982224464,0,-0.06021880358457565,0.9377020597457886,0.34218087792396545,0,0.0052210926078259945,-0.3425028920173645,0.9395020604133606,0,0,13.020500183105469,0,1,0.9373041987419128,-0.33684250712394714,-0.08943495154380798,0,0.15855464339256287,0.6406669616699219,-0.7512701153755188,0,0.31035760045051575,0.689987301826477,0.6539078950881958,0,-0.011900000274181366,24.670700073242188,2.02810001373291,1,0.9539030194282532,0.1572677493095398,0.2556081712245941,0,-0.1165117472410202,0.9789600372314453,-0.1675148755311966,0,-0.27657511830329895,0.13001194596290588,0.9521570205688477,0,0,8.817299842834473,6.10260009765625,1,0.004382275976240635,0.06267007440328598,-0.9980250000953674,0,0.9994840025901794,-0.03202170133590698,0.0023772954009473324,0,-0.03180968016386032,-0.9975200295448303,-0.06277807801961899,0,9.553600311279297,16.065399169921875,-5.227799892425537,1,0.9070954322814941,0.3854500651359558,0.1691335290670395,0,-0.3953068256378174,0.6420524716377258,0.6568869948387146,0,0.14460405707359314,-0.6627188920974731,0.7347740530967712,0,0,18.035499572753906,0,1,0.6330775618553162,0.7740883827209473,-0.000003000000106112566,0,-0.7740883827209473,0.6330775618553162,-0.00001700000029813964,0,-0.000011000010090356227,0.000012999999853491317,1,0,0,26.41510009765625,0,1,0.00735322292894125,-0.027193034067749977,0.9996029734611511,0,-0.9989099502563477,0.04586948826909065,0.008596238680183887,0,-0.04608549550175667,-0.9985769391059875,-0.02682700753211975,0,-9.553600311279297,16.065399169921875,-5.227799892425537,1,0.5482469797134399,-0.612185001373291,-0.5697849988937378,0,0.7587888836860657,0.650594174861908,0.031097641214728355,0,0.3516612946987152,-0.44939571619033813,0.8212050199508667,0,0,17.95509910583496,0,1,0.7335637807846069,-0.6796212196350098,0.000003000000106112566,0,0.6796212196350098,0.7335637807846069,-0.000018000000636675395,0,0.000010000009751820471,0.000014999999621068127,1,0,0,26.41510009765625,0,1,0.844580352306366,0.17512573301792145,-0.5059794783592224,0,-0.03351607918739319,0.9604361057281494,0.27647462487220764,0,0.5343794226646423,-0.21654672920703888,0.817035436630249,0,0,26.753400802612305,0,1,0.9516059756278992,-0.30714499950408936,0.010431000031530857,0,0.30610400438308716,0.9442699551582336,-0.12105526030063629,0,0.027332082390785217,0.11838925629854202,0.9925909638404846,0,8.654199600219727,18.447799682617188,-1.479599952697754,1,1,-0.0006579998298548162,-0.00014999993436504155,0,0.0006569998222403228,0.9007620811462402,0.4343129098415375,0,-0.00014999993436504155,-0.4343129098415375,0.9007620811462402,0,0,7.514400005340576,0,1,0.9995179772377014,-0.03033600002527237,-0.006593999918550253,0,0.030914999544620514,0.9532170295715332,0.3007020056247711,0,-0.0028359999414533377,-0.30076101422309875,0.9536949992179871,0,0,7.4893999099731445,0,1,-0.02733108215034008,-0.11839025467634201,-0.9925909638404846,0,0.306102991104126,0.9442699551582336,-0.12105526030063629,0,0.9516059756278992,-0.3071439862251282,0.010432000271975994,0,-10.003100395202637,17.50779914855957,0.4779999852180481,1,0.9007620811462402,0.4343129098415375,0.00014999993436504155,0,-0.4343129098415375,0.9007620811462402,0.0006579998298548162,0,0.00015099991287570447,-0.0006579998298548162,1,0,0,7.0441999435424805,0,1,0.9769799709320068,0.2133290022611618,0.000035000000934815034,0,-0.2133290022611618,0.9769799709320068,0.0003229999856557697,0,0.000035000000934815034,-0.0003229999856557697,1,0,0,7.07889986038208,0,1,0.32116401195526123,-0.9136710166931152,0.2491150051355362,0,0.7130470275878906,0.4064120054244995,0.571308970451355,0,-0.6232320070266724,-0.005853000096976757,0.7820150256156921,0,6.16349983215332,2.492300033569336,4.446400165557861,1,0.9230110049247742,0.37851300835609436,-0.06913299858570099,0,-0.3716920018196106,0.8306639790534973,-0.4145379960536957,0,-0.09948199987411499,0.40831899642944336,0.907401978969574,0,0,10.472999572753906,0,1,0.9743580222129822,0.22425900399684906,-0.018285000696778297,0,-0.22070899605751038,0.9368000030517578,-0.2714639902114868,0,-0.04374900087714195,0.2685379981994629,0.9622750282287598,0,0,8.498800277709961,0,1,-0.9893100261688232,0.034522853791713715,0.14168387651443481,0,0.09844604134559631,-0.5586643218994141,0.8235304355621338,0,0.10758373141288757,0.828675389289856,0.5492933392524719,0,13.656000137329102,-7.135300159454346,0.12970000505447388,1,0.9953219890594482,0.08584892004728317,0.04432426765561104,0,0.016368212178349495,0.3023086488246918,-0.9530697464942932,0,-0.09522002935409546,0.9493357539176941,0.2994896471500397,0,0,35.94969940185547,0,1,0.9943629503250122,-0.10274332016706467,-0.02620304748415947,0,0.061432015150785446,0.35681384801864624,0.9321533441543579,0,-0.0864233747124672,-0.9285083413124084,0.36111482977867126,0,0,34.4093017578125,0,1,0.9998250007629395,-0.013716863468289375,0.01274087280035019,0,-0.004111959133297205,0.5030218362808228,0.8642625212669373,0,-0.018263816833496094,-0.8641635179519653,0.5028778314590454,0,0,21.288000106811523,0,1,-0.9579898715019226,-0.0077125937677919865,-0.2866973280906677,0,-0.13221415877342224,-0.8752055168151855,0.4653328061103821,0,-0.25450828671455383,0.48368993401527405,0.8374184370040894,0,-13.656000137329102,-7.135200023651123,0.12970000505447388,1,0.8852839469909668,0.36803650856018066,0.284289687871933,0,-0.017553918063640594,0.6373201608657837,-0.7703988552093506,0,-0.46471911668777466,0.6770319938659668,0.570669949054718,0,0,35.94969940185547,0,1,0.9702361226081848,-0.23645462095737457,-0.05225542560219765,0,0.08334753662347794,0.12346784770488739,0.9888418912887573,0,-0.2273646891117096,-0.9637659192085266,0.13950173556804657,0,0,34.4093017578125,0,1,1,0.000025999968784162775,0.00003500002276268788,0,-0.00004400000034365803,0.5636813640594482,0.8259924054145813,0,0.0000019999999949504854,-0.8259924054145813,0.5636813640594482,0,0,21.288000106811523,0,1
K0.067,0.9871220588684082,0.004762933123856783,0.15990063548088074,0,-0.06608276814222336,0.9224271178245544,0.380473792552948,0,-0.14568470418453217,-0.38614076375961304,0.9108631014823914,0,-0.3560701310634613,84.97659301757812,0.18763063848018646,1,0.9855130314826965,0.008955324999988079,-0.1693645566701889,0,0.05999353900551796,0.9156339168548584,0.39751115441322327,0,0.1586357206106186,-0.4019130766391754,0.9018319845199585,0,0,10.763899803161621,1.243499994277954,1,0.9987959861755371,0.04899618774652481,-0.002464829245582223,0,-0.047799210995435715,0.9832479357719421,0.17589211463928223,0,0.011041873134672642,-0.17556311190128326,0.9844059944152832,0,0,13.063300132751465,0,1,0.9990749955177307,0.043003153055906296,-0.0002938407415058464,0,-0.04048919677734375,0.9429339170455933,0.33050912618637085,0,0.014489907771348953,-0.33019110560417175,0.9438029527664185,0,0,13.020500183105469,0,1,0.9547738432884216,-0.285115510225296,-0.08436404913663864,0,0.12227435410022736,0.6351320743560791,-0.7626639008522034,0,0.27102938294410706,0.71785569190979,0.641270101070404,0,-0.011900000274181366,24.670700073242188,2.02810001373291,1,0.9532510042190552,0.13142424821853638,0.27210283279418945,0,-0.09096825122833252,0.9835049510002136,-0.1563391089439392,0,-0.28816187381744385,0.12427806109189987,0.9494829773902893,0,0,8.817299842834473,6.10260009765625,1,0.03197372332215309,0.07028892636299133,-0.9970139861106873,0,0.9994890093803406,-0.002196296351030469,0.031898707151412964,0,0.000051683327910723165,-0.9975240230560303,-0.0703229233622551,0,9.553600311279297,16.065399169921875,-5.227799892425537,1,0.948153555393219,0.2933769226074219,0.12220446765422821,0,-0.2796211540699005,0.5873265266418457,0.7595120072364807,0,0.15104994177818298,-0.7543060779571533,0.6389109492301941,0,0,18.035499572753906,0,1,0.59066241979599,0.8069186806678772,-0.000003000000106112566,0,-0.8069186806678772,0.59066241979599,-0.00001700000029813964,0,-0.000011999990420008544,0.000012999999853491317,1,0,0,26.41510009765625,0,1,0.029641779139637947,-0.030491966754198074,0.9990950226783752,0,-0.9949790835380554,0.09468751400709152,0.03240976110100746,0,-0.09558951109647751,-0.9950400590896606,-0.02753199264407158,0,-9.553600311279297,16.065399169921875,-5.227799892425537,1,0.5478600263595581,-0.615119993686676,-0.5669900178909302,0,0.7445620894432068,0.6675367951393127,-0.004760643932968378,0,0.3814147114753723,-0.4195502996444702,0.8237109780311584,0,0,17.95509910583496,0,1,0.7080852389335632,-0.7061277627944946,0.000003000000106112566,0,0.7061277627944946,0.7080852389335632,-0.000018000000636675395,0,0.000010999990081472788,0.000014999999621068127,1,0,0,26.41510009765625,0,1,0.8789536356925964,0.1480172723531723,-0.4533555507659912,0,-0.04121292009949684,0.970633864402771,0.2370033860206604,0,0.4751226007938385,-0.18963126838207245,0.8592425584793091,0,0,26.753400802612305,0,1,0.9516180157661438,-0.30710700154304504,0.010425000451505184,0,0.3052290081977844,0.9407920837402344,-0.1474677324295044,0,0.03548091650009155,0.1435147523880005,0.9890120625495911,0,8.654199600219727,18.447799682617188,-1.479599952697754,1,1,-0.0006420001736842096,-0.00014300007023848593,0,0.0006420001736842096,0.9055209159851074,0.42430007457733154,0,-0.00014300007023848593,-0.42430007457733154,0.9055219292640686,0,0,7.514400005340576,0,1,0.9995179772377014,-0.03033600002527237,-0.006593999918550253,0,0.030913999304175377,0.9532170295715332,0.3007020056247711,0,-0.0028359999414533377,-0.30076101422309875,0.9536949992179871,0,0,7.4893999099731445,0,1,-0.03547891974449158,-0.1435147523880005,-0.9890120625495911,0,0.30522599816322327,0.9407930374145508,-0.1474677324295044,0,0.951619029045105,-0.3071039915084839,0.010425999760627747,0,-10.003100395202637,17.50779914855957,0.4779999852180481,1,0.9055219292640686,0.42430007457733154,0.00014300007023848593,0,-0.42430007457733154,0.9055219292640686,0.000643000181298703,0,0.00014300007023848593,-0.000643000181298703,1,0,0,7.0441999435424805,0,1,0.9769799709320068,0.2133290022611618,0.000035000000934815034,0,-0.2133290022611618,0.9769799709320068,0.0003229999856557697,0,0.000035000000934815034,-0.0003229999856557697,1,0,0,7.07889986038208,0,1,0.32116401195526123,-0.9136710166931152,0.2491150051355362,0,0.7130460143089294,0.40641099214553833,0.571308970451355,0,-0.6232320070266724,-0.005853000096976757,0.7820150256156921,0,6.16349983215332,2.492300033569336,4.446400165557861,1,0.9230110049247742,0.37851300835609436,-0.06913299858570099,0,-0.3716920018196106,0.8306639790534973,-0.4145379960536957,0,-0.099481001496315,0.40831899642944336,0.907401978969574,0,0,10.472999572753906,0,1,0.9743580222129822,0.22425900399684906,-0.018285000696778297,0,-0.22070899605751038,0.9368000030517578,-0.2714639902114868,0,-0.04374900087714195,0.2685390114784241,0.9622750282287598,0,0,8.498800277709961,0,1,-0.9913830161094666,0.0200471431016922,0.1294531226158142,0,0.10304995626211166,-0.4907546937465668,0.8651825785636902,0,0.08087427169084549,0.8710665702819824,0.48446065187454224,0,13.656000137329102,-7.135300159454346,0.12970000505447388,1,0.9944509863853455,0.07763008028268814,0.07099273055791855,0,0.03749779239296913,0.36893633008003235,-0.9286972284317017,0,-0.09828697144985199,0.9262072443962097,0.3639783561229706,0,0,35.94969940185547,0,1,0.9903520345687866,-0.1350906789302826,-0.030861953273415565,0,0.06285298615694046,0.23943616449832916,0.9688756465911865,0,-0.1234966367483139,-0.9614676833152771,0.24561715126037598,0,0,34.4093017578125,0,1,1,0,0,0,-0.0000010408587058918783,0.7885761260986328,0.6149355173110962,0,0,-0.6149355173110962,0.7885761260986328,0,0,21.288000106811523,0,1,-0.947127103805542,0.03284959867596626,-0.319171667098999,0,-0.14891983568668365,-0.9261175394058228,0.3465951979160309,0,-0.2842046916484833,0.37580108642578125,0.8820436000823975,0,-13.656000137329102,-7.135200023651123,0.12970000505447388,1,0.8791500329971313,0.32022547721862793,0.35291630029678345,0,-0.009345081634819508,0.7520168423652649,-0.6590771079063416,0,-0.47645288705825806,0.5761300325393677,0.6641290187835693,0,0,35.94969940185547,0,1,0.9799329042434692,-0.19926537573337555,0.004983431193977594,0,0.0374564528465271,0.20864614844322205,0.9772741198539734,0,-0.1957763135433197,-0.9574760794639587,0.211922287940979,0,0,34.4093017578125,0,1,1,0.000023000029614195228,0.00003699998342199251,0,-0.00004400000034365803,0.4983866512775421,0.8669545650482178,0,0.0000019999999949504854,-0.8669545650482178,0.4983866512775421,0,0,21.288000106811523,0,1
K0.100,0.9828349947929382,0.002492999890819192,0.18446899950504303,0,-0.07937599718570709,0.9083390235900879,0.41063299775123596,0,-0.16653600335121155,-0.4182269871234894,0.8929460048675537,0,-0.35581299662590027,86.5738754272461,0.42856499552726746,1,0.9785130023956299,-0.025394998490810394,-0.2046169936656952,0,0.10354000329971313,0.9187080264091492,0.38112300634384155,0,0.17830400168895721,-0.3941200077533722,0.9015970230102539,0,0,10.763899803161621,1.243499994277954,1,0.9994149804115295,0.028846999630331993,-0.018355000764131546,0,-0.025429001078009605,0.9859730005264282,0.16495400667190552,0,0.022856000810861588,-0.16439099609851837,0.9861299991607666,0,0,13.063300132751465,0,1,0.9995430111885071,0.02613699994981289,-0.015216998755931854,0,-0.01991499960422516,0.9474660158157349,0.31923601031303406,0,0.02276100032031536,-0.31878700852394104,0.9475529789924622,0,0,13.020500183105469,0,1,0.9736549854278564,-0.215720996260643,-0.07389900088310242,0,0.07673999667167664,0.6151610016822815,-0.7846580147743225,0,0.2147269994020462,0.7583150267601013,0.6155089735984802,0,-0.011900000274181366,24.670700073242188,2.02810001373291,1,0.955551028251648,0.09928099811077118,0.27760499715805054,0,-0.06500999629497528,0.9893730282783508,-0.13006000220775604,0,-0.28756800293922424,0.10623200237751007,0.9518510103225708,0,0,8.817299842834473,6.10260009765625,1,0.053238000720739365,0.08016300201416016,-0.9953590035438538,0,0.9977279901504517,0.03694099932909012,0.05634000152349472,0,0.04128599911928177,-0.9960970282554626,-0.07801499962806702,0,9.553600311279297,16.065399169921875,-5.227799892425537,1,0.9757220149040222,0.20895299315452576,0.06562100350856781,0,-0.16732199490070343,0.5178520083427429,0.8389480113983154,0,0.14131799340248108,-0.8295590281486511,0.540241003036499,0,0,18.035499572753906,0,1,0.5571280121803284,0.8304259777069092,0,0,-0.8304259777069092,0.5571280121803284,-0.000018000000636675395,0,-0.000014999999621068127,0.000009000000318337698,1,0,0,26.41510009765625,0,1,0.04731899872422218,-0.034929998219013214,0.9982690215110779,0,-0.9864029884338379,0.15582899749279022,0.052209001034498215,0,-0.157382994890213,-0.9871659874916077,-0.027080999687314034,0,-9.553600311279297,16.065399169921875,-5.227799892425537,1,0.6002399921417236,-0.5767959952354431,-0.5540919899940491,0,0.7119870185852051,0.7009590268135071,0.041603997349739075,0,0.3643989861011505,-0.41947901248931885,0.8314149975776672,0,0,17.95509910583496,0,1,0.6538450121879578,-0.7566289901733398,-0.0000399999953515362,0,0.7566289901733398,0.6538450121879578,-0.00003199999991920777,0,0.00004999999873689376,-0.000008999999408842996,1,0,0,26.41510009765625,0,1,0.9085559844970703,0.12651999294757843,-0.3981429934501648,0,-0.05389000102877617,0.9805690050125122,0.18862499296665192,0,0.4142720103263855,-0.1499200016260147,0.897720992565155,0,0,26.753400802612305,0,1,0.9516400098800659,-0.3070389926433563,0.010413000360131264,0,0.3031499981880188,0.933010995388031,-0.1938840001821518,0,0.04981499910354614,0.18766500055789948,0.9809690117835999,0,8.654199600219727,18.447799682617188,-1.479599952697754,1,1,-0.0006150000263005495,-0.00013099999341648072,0,0.0006150000263005495,0.913661003112793,0.4064759910106659,0,-0.00013000000035390258,-0.4064759910106659,0.9136620163917542,0,0,7.514400005340576,0,1,0.9995179772377014,-0.03033600002527237,-0.006593999918550253,0,0.030913999304175377,0.9532170295715332,0.3007020056247711,0,-0.002836999949067831,-0.30076101422309875,0.9536949992179871,0,0,7.4893999099731445,0,1,-0.049814000725746155,-0.18766500055789948,-0.9809690117835999,0,0.30314901471138,0.933010995388031,-0.1938840001821518,0,0.9516400098800659,-0.30703800916671753,0.010413999669253826,0,-10.003100395202637,17.50779914855957,0.4779999852180481,1,0.9136620163917542,0.4064759910106659,0.00013000000035390258,0,-0.4064759910106659,0.913661003112793,0.000615999975707382,0,0.00013099999341648072,-0.0006150000263005495,1,0,0,7.0441999435424805,0,1,0.9769799709320068,0.2133290022611618,0.000035000000934815034,0,-0.2133290022611618,0.9769799709320068,0.0003229999856557697,0,0.000035000000934815034,-0.0003229999856557697,1,0,0,7.07889986038208,0,1,0.32116401195526123,-0.9136710166931152,0.2491150051355362,0,0.7130460143089294,0.4064120054244995,0.571308970451355,0,-0.6232320070266724,-0.005853999871760607,0.7820150256156921,0,6.16349983215332,2.492300033569336,4.446400165557861,1,0.9230110049247742,0.37851300835609436,-0.06913299858570099,0,-0.3716920018196106,0.8306639790534973,-0.4145379960536957,0,-0.099481001496315,0.40831899642944336,0.907401978969574,0,0,10.472999572753906,0,1,0.9743580222129822,0.22425900399684906,-0.018285000696778297,0,-0.22070899605751038,0.9368000030517578,-0.2714639902114868,0,-0.04374900087714195,0.2685390114784241,0.9622750282287598,0,0,8.498800277709961,0,1,-0.9919549822807312,-0.01290199812501669,0.1259319931268692,0,0.12166599929332733,-0.37194201350212097,0.9202479720115662,0,0.03496600314974785,0.9281659722328186,0.3705190122127533,0,13.656000137329102,-7.135300159454346,0.12970000505447388,1,0.9952859878540039,0.05585600063204765,0.07928399741649628,0,0.045892998576164246,0.4489220082759857,-0.8923919796943665,0,-0.08543699979782104,0.8918229937553406,0.444242000579834,0,0,35.94969940185547,0,1,0.9878330230712891,-0.1553719937801361,0.006767997983843088,0,0.022461002692580223,0.18559899926185608,0.9823690056800842,0,-0.153889000415802,-0.9702640175819397,0.18683099746704102,0,0,34.4093017578125,0,1,0.9998700022697449,0.008113999851047993,-0.013956999406218529,0,0.001543999882414937,0.8124849796295166,0.5829799771308899,0,0.01607000082731247,-0.5829259753227234,0.8123660087585449,0,0,21.288000106811523,0,1,-0.9419770240783691,0.06333599984645844,-0.3296470046043396,0,-0.13670900464057922,-0.969290018081665,0.20441800355911255,0,-0.30657699704170227,0.23762300610542297,0.9217079877853394,0,-13.656000137329102,-7.135200023651123,0.12970000505447388,1,0.8812429904937744,0.21829499304294586,0.4192340075969696,0,-0.004016000311821699,0.8903890252113342,-0.4551829993724823,0,-0.47264599800109863,0.39944300055503845,0.7855259776115417,0,0,35.94969940185547,0,1,0.9914169907569885,-0.11678499728441238,0.05875999480485916,0,-0.01541499700397253,0.3418999910354614,0.9396100044250488,0,-0.1298220008611679,-0.9324510097503662,0.3371660113334656,0,0,34.4093017578125,0,1,0.9999960064888,0.002757999813184142,-0.0010160000529140234,0,-0.0001449999981559813,0.39171499013900757,0.9200860261917114,0,0.0029349997639656067,-0.9200819730758667,0.3917140066623688,0,0,21.288000106811523,0,1
