11.267,30,338,43
B0,mixamorig_Hips,-1,0.6848162412643433,0.03629351034760475,0.7278075218200684,0,-0.15382839739322662,0.9834499955177307,0.09570443630218506,0,-0.7122904062271118,-0.17749950289726257,0.6790652871131897,0,-1.3430465459823608,80.6955337524414,-2.243030309677124,1
B1,mixamorig_Spine,0,0.9977473020553589,-0.030985619872808456,-0.05949915573000908,0,0.04457899183034897,0.9690242409706116,0.24290110170841217,0,0.05013043060898781,-0.24500690400600433,0.9682227373123169,0,0.00002499999936844688,14.652450561523438,0.43247199058532715,1
B2,mixamorig_Spine1,1,0.991544783115387,-0.06776007264852524,-0.11066912859678268,0,0.08550015091896057,0.9826847910881042,0.16436244547367096,0,0.09761650860309601,-0.17243465781211853,0.9801691174507141,0,0,10.372621536254883,0,1
B3,mixamorig_Spine2,2,0.991504430770874,-0.07124381512403488,-0.1088266521692276,0,0.060913581401109695,0.9935641288757324,-0.09546864777803421,0,0.1149279847741127,0.08802848309278488,0.9894629120826721,0,0,10.089533805847168,0,1
B4,mixamorig_Neck,3,0.9915193319320679,-0.031554367393255234,-0.12605078518390656,0,0.0035063435789197683,0.9761088490486145,-0.21694323420524597,0,0.12989439070224762,0.21466319262981415,0.9679406881332397,0,0,31.685012817382812,0.24644899368286133,1
B5,mixamorig_Head,4,0.9264065623283386,-0.09329593181610107,-0.3647826611995697,0,0.05719177424907684,0.9924358129501343,-0.1085737943649292,0,0.372153103351593,0.07972101122140884,0.9247348308563232,0,0,11.408889770507812,1.920896053314209,1
B6,mixamorig_HeadTop_End,5,1,0,0,0,0,1,0,0,0,0,1,0,0.06037899851799011,36.99250793457031,6.669442176818848,1
B7,mixamorig_Reye,5,1,0,0,0,0,1,0,0,0,0,1,0,-5.297504901885986,11.923553466796875,11.889948844909668,1
B8,mixamorig_Leye,5,1,0,0,0,0,1,0,0,0,0,1,0,5.452578067779541,11.923553466796875,11.889948844909668,1
B9,mixamorig_LeftShoulder,3,0.25632035732269287,-0.08369942009449005,-0.962958574295044,0,0.728516161441803,-0.6380231976509094,0.24937111139297485,0,-0.6352623701095581,-0.7654538154602051,-0.10256347805261612,0,10.912857055664062,26.73272705078125,-2.70563006401062,1
B10,mixamorig_LeftArm,9,0.9756706953048706,0.19610892236232758,0.09765931218862534,0,-0.20664538443088531,0.9718364477157593,0.11296483874320984,0,-0.07276470214128494,-0.13040679693222046,0.988786518573761,0,0,16.608760833740234,0,1
B11,mixamorig_LeftForeArm,10,0.701915442943573,0.5746009349822998,0.4208855926990509,0,-0.6326075792312622,0.7744663953781128,-0.002304238500073552,0,-0.3272857964038849,-0.26463693380355835,0.9071094393730164,0,0,32.327598571777344,0,1
B12,mixamorig_LeftHand,11,0.9986110329627991,0.041439395397901535,0.03250979259610176,0,-0.03489086031913757,0.9828479290008545,-0.18106114864349365,0,-0.039458323270082474,0.17967578768730164,0.9829304814338684,0,0.00003099999958067201,28.022167205810547,0,1
B13,mixamorig_LeftHandThumb1,12,0.6684618592262268,0.6494365930557251,-0.36247768998146057,0,-0.49723896384239197,0.7526726722717285,0.4315517842769623,0,0.5530925989151001,-0.10823817551136017,0.8260587453842163,0,-3.8598999977111816,6.273995876312256,3.206382989883423,1
B14,mixamorig_LeftHandThumb2,13,0.9786617755889893,-0.1086418628692627,0.17440541088581085,0,0.0894353836774826,0.9893931150436401,0.11446371674537659,0,-0.18499134480953217,-0.09642381221055984,0.9779983758926392,0,0,6.531929969787598,0,1
B15,mixamorig_LeftHandThumb3,14,0.9906692504882812,-0.135961651802063,-0.009418073110282421,0,0.136269211769104,0.9893046021461487,0.052028778940439224,0,0.002243321156129241,-0.05282701551914215,0.9986013174057007,0,0,7.500809192657471,0,1
B16,mixamorig_LeftHandThumb4,15,1,0,0,0,0,1,0,0,0,0,1,0,0,4.8622941970825195,0,1
B17,mixamorig_LeftHandIndex1,12,0.9958475828170776,0.08882491290569305,0.019916152581572533,0,-0.0899340882897377,0.9938369989395142,0.06448473036289215,0,-0.014073722995817661,-0.06600885838270187,0.9976999163627625,0,0.000037999998312443495,18.109710693359375,0.000025999999706982635,1
B18,mixamorig_LeftHandIndex2,17,0.9999840259552002,0.005224118009209633,-0.002180724870413542,0,-0.004921200685203075,0.9925940632820129,0.1213712990283966,0,0.0027988345827907324,-0.12135873734951019,0.992603600025177,0,0,4.183722972869873,0,1
B19,mixamorig_LeftHandIndex3,18,0.9999524354934692,0.009724869392812252,-0.0005829267902299762,0,-0.009478071704506874,0.9849523305892944,0.1725604385137558,0,0.002252348233014345,-0.17254744470119476,0.9849974513053894,0,0,3.831939935684204,0,1
B20,mixamorig_LeftHandIndex4,19,1,0,0,0,0,1,0,0,0,0,1,0,0,4.8636250495910645,0,1
B21,mixamorig_RightShoulder,3,0.4842189848423004,0.1497041881084442,0.862043559551239,0,-0.6715097427368164,-0.5680166482925415,0.4758394658565521,0,0.5608900189399719,-0.8092817664146423,-0.1745198667049408,0,-10.912900924682617,26.73299217224121,-2.7056291103363037,1
B22,mixamorig_RightArm,21,0.8712705373764038,0.40073442459106445,-0.28328341245651245,0,-0.28348973393440247,0.882159948348999,0.37600061297416687,0,0.4006013572216034,-0.2472936362028122,0.8822488784790039,0,0,16.6086368560791,0,1
B23,mixamorig_RightForeArm,22,0.6685910224914551,-0.6959652304649353,-0.2619507610797882,0,0.7246816158294678,0.6887980103492737,0.01960054785013199,0,0.16679124534130096,-0.202936053276062,0.9648768901824951,0,0,32.327598571777344,0,1
B24,mixamorig_RightHand,23,0.809948205947876,-0.5846219062805176,0.04680661857128143,0,0.5842301249504089,0.8112513422966003,0.023064708337187767,0,-0.05145054683089256,0.008661352097988129,0.9986353516578674,0,-0.000019999999494757503,28.022199630737305,0,1
B25,mixamorig_RightHandThumb1,24,0.1682145595550537,-0.6848530173301697,0.70899897813797,0,0.40171000361442566,0.7044410109519958,0.5851420164108276,0,-0.9001849889755249,0.1863824427127838,0.39361000061035156,0,3.859891891479492,6.273999214172363,3.2070000171661377,1
B26,mixamorig_RightHandThumb2,25,0.9665809869766235,0.188060000538826,-0.17422400414943695,0,-0.1690949946641922,0.97850102186203,0.11807999759912491,0,0.19268399477005005,-0.08467400074005127,0.9776009917259216,0,0,6.53181791305542,0,1
B27,mixamorig_RightHandThumb3,26,0.8339920043945312,0.5489950180053711,0.055330000817775726,0,-0.5469570159912109,0.8093180060386658,0.21410900354385376,0,0.07276500016450882,-0.20882844924926758,0.9752410054206848,0,0,7.5010199546813965,0,1
B28,mixamorig_RightHandThumb4,27,1,0,0,0,0,1,0,0,0,0,1,0,0,4.862281799316406,0,1
B29,mixamorig_RightHandIndex1,24,0.9863939881324768,-0.13199745118618011,0.09799300134181976,0,0.045837000012397766,0.793267011642456,0.6071460247039795,0,-0.15787599980831146,-0.5943936109542847,0.7885249853134155,0,-0.00004400000034365803,18.109600067138672,0,1
B30,mixamorig_RightHandIndex2,29,0.99760502576828,-0.0667010024189949,0.018292000517249107,0,0.006904559675604105,0.35919156670570374,0.9332380294799805,0,-0.06881800293922424,-0.9308769702911377,0.3587920069694519,0,0,4.184000015258789,0,1
B31,mixamorig_RightHandIndex3,30,0.9985679984092712,-0.05279000103473663,0.008706999942660332,0,0.016909999772906303,0.4657909870147705,0.8847330212593079,0,-0.05076044052839279,-0.8833190202713013,0.4660164415836334,0,0,3.8320000171661377,0,1
B32,mixamorig_RightHandIndex4,31,1,0,0,0,0,1,0,0,0,0,1,0,0,4.86299991607666,0,1
B33,mixamorig_LeftUpLeg,0,-0.6621977090835571,0.06249498575925827,0.7467160820960999,0,0.6677626967430115,-0.40289318561553955,0.6258886456489563,0,0.3399679362773895,0.913091242313385,0.22505976259708405,0,13.025893211364746,-7.138250827789307,0.8584039807319641,1
B34,mixamorig_LeftLeg,33,0.9192855954170227,-0.2653563320636749,-0.2906835079193115,0,-0.11546048521995544,0.5242452025413513,-0.8437007069587708,0,0.376272588968277,0.8091641068458557,0.4512934982776642,0,0,35.90399932861328,0,1
B35,mixamorig_LeftFoot,34,0.9771687984466553,-0.21245276927947998,0.0022391723468899727,0,0.14342404901981354,0.6673780679702759,0.7307741641998291,0,-0.1567496359348297,-0.7137683033943176,0.6826120615005493,0,0,40.588375091552734,0,1
B36,mixamorig_LeftToeBase,35,0.993484377861023,-0.05684906616806984,-0.09877703338861465,0,0.11054016649723053,0.6916227340698242,0.7137492895126343,0,0.02774062007665634,-0.7200176119804382,0.6934008002281189,0,0,24,0,1
B37,mixamorig_LeftToe_End,36,1,0,0,0,0,1,0,0,0,0,1,0,0,14.832094192504883,0,1
B38,mixamorig_RightUpLeg,0,-0.8903729915618896,0.33055874705314636,-0.31298232078552246,0,-0.45520761609077454,-0.6395917534828186,0.6194285750389099,0,0.004578083753585815,0.6939951181411743,0.7199480533599854,0,-13.025912284851074,-7.138230800628662,0.8584079742431641,1
B39,mixamorig_RightLeg,38,0.9942461252212524,-0.011104516685009003,0.10654022544622421,0,0.10516902804374695,0.28986814618110657,-0.9512501955032349,0,-0.020321421325206757,0.9569820165634155,0.28936767578125,0,0,35.903968811035156,0,1
B40,mixamorig_RightFoot,39,0.9094078540802002,0.35100236535072327,0.22309841215610504,0,-0.2598620653152466,0.06071443855762482,0.963732123374939,0,0.32472869753837585,-0.9344008564949036,0.1464257836341858,0,9.999999974752427e-7,40.588401794433594,0,1
B41,mixamorig_RightToeBase,40,0.9981505274772644,0.05714816227555275,0.02072984166443348,0,-0.05504963919520378,0.7050341963768005,0.7070332765579224,0,0.025790248066186905,-0.7068668603897095,0.7068761587142944,0,0,24,0,1
B42,mixamorig_RightToe_End,41,1,0,0,0,0,1,0,0,0,0,1,0,0,14.831999778747559,0,1
@34,0,1,2,3,4,5,9,10,11,12,13,14,15,17,18,19,21,22,23,24,25,26,27,29,30,31,33,34,35,36,38,39,40,41
K0.000,0.6369379758834839,0.04243199899792671,0.7697460055351257,0,-0.12835200130939484,0.9903849959373474,0.0516120009124279,0,-0.7601550221443176,-0.1316719949245453,0.6362599730491638,0,0.35714900493621826,82.46168518066406,-0.3586699962615967,1,0.9980970025062561,-0.027552999556064606,-0.055156998336315155,0,0.03773200139403343,0.9804720282554626,0.1930059939622879,0,0.0487620010972023,-0.19472000002861023,0.9796460270881653,0,0.00002499999936844688,14.652450561523438,0.43247199058532715,1,0.9925029873847961,-0.06448700278997421,-0.10382699966430664,0,0.07723700255155563,0.9892870187759399,0.1238740012049675,0,0.09472700208425522,-0.130964994430542,0.9868509769439697,0,0,10.372621536254883,0,1,0.9925029873847961,-0.06706400215625763,-0.10218100249767303,0,0.05281699821352959,0.9892650246620178,-0.13625599443912506,0,0.1102219969034195,0.1298380047082901,0.9853900074958801,0,0,10.089533805847168,0,1,0.9866660237312317,0.0019549999851733446,-0.16274799406528473,0,0.004569000098854303,0.9992009997367859,0.03970300033688545,0,0.1626950055360794,-0.0399169996380806,0.9858689904212952,0,0,31.685012817382812,0.24644899368286133,1,0.9176589846611023,-0.08968000113964081,-0.3871159851551056,0,0.05649999901652336,0.9937490224838257,-0.09628000110387802,0,0.39333000779151917,0.06648000329732895,0.9169899821281433,0,0,11.408889770507812,1.920896053314209,1,0.33491501212120056,-0.07365000247955322,-0.9393659830093384,0,0.7559409737586975,-0.5741279721260071,0.31453099846839905,0,-0.5624819993972778,-0.8154460191726685,-0.1366090029478073,0,10.912857055664062,26.73272705078125,-2.70563006401062,1,0.9844909906387329,-0.0032730000093579292,0.17540200054645538,0,-0.034348998218774796,0.976876974105835,0.2110230028629303,0,-0.1720370054244995,-0.21377499401569366,0.9616150259971619,0,0,16.608760833740234,0,1,0.8296869993209839,0.4350149929523468,0.3498310148715973,0,-0.4918130040168762,0.866096019744873,0.08943100273609161,0,-0.26408401131629944,-0.24625100195407867,0.9325339794158936,0,0,32.327598571777344,0,1,0.9980949759483337,0.04382700100541115,-0.043421998620033264,0,-0.048663001507520676,0.9918860197067261,-0.11744800209999084,0,0.03792199864983559,0.11933699995279312,0.9921290278434753,0,0.00003099999958067201,28.022167205810547,0,1,0.6833400130271912,0.6264659762382507,-0.37494900822639465,0,-0.47085899114608765,0.7706310153007507,0.42944100499153137,0,0.557977020740509,-0.11690600216388702,0.8215799927711487,0,-3.8598999977111816,6.273995876312256,3.206382989883423,1,0.9761390089988708,-0.13368499279022217,0.17111800611019135,0,0.11319900304079056,0.9857569932937622,0.12437800318002701,0,-0.18530799448490143,-0.10204000025987625,0.9773679971694946,0,0,6.531929969787598,0,1,0.9859020113945007,-0.16691899299621582,-0.011634999886155128,0,0.16731500625610352,0.9841560125350952,0.058674998581409454,0,0.0016560000367462635,-0.059794001281261444,0.9982089996337891,0,0,7.500809192657471,0,1,0.994700014591217,0.10056900233030319,0.021405000239610672,0,-0.10061699897050858,0.994924008846283,0.0011909999884665012,0,-0.021176999434828758,-0.0033390000462532043,0.9997699856758118,0,0.000037999998312443495,18.109710693359375,0.000025999999706982635,1,0.9999909996986389,0.003449999960139394,-0.0023380001075565815,0,-0.0032510000746697187,0.9967700242996216,0.08024299889802933,0,0.002607000060379505,-0.08023499697446823,0.9967730045318604,0,0,4.183722972869873,0,1,0.9999690055847168,0.007822000421583652,-0.0009730000165291131,0,-0.007625000085681677,0.991258978843689,0.13171300292015076,0,0.0019940000493079424,-0.13170099258422852,0.9912869930267334,0,0,3.831939935684204,0,1,0.46608901023864746,0.11943099647760391,0.8766400218009949,0,-0.7189769744873047,-0.5262969732284546,0.4539650082588196,0,0.5155900120735168,-0.841871976852417,-0.1594330072402954,0,-10.912900924682617,26.73299217224121,-2.7056291103363037,1,0.7753300070762634,0.5880169868469238,-0.23043100535869598,0,-0.45880401134490967,0.7751560211181641,0.4343169927597046,0,0.434006005525589,-0.23101699352264404,0.8707870244979858,0,0,16.6086368560791,0,1,0.6619110107421875,-0.7050529718399048,-0.25450900197029114,0,0.7410680055618286,0.666549026966095,0.08081500232219696,0,0.11266300082206726,-0.24210099875926971,0.9636880159378052,0,0,32.327598571777344,0,1,0.8130130171775818,-0.5822439789772034,-0.0012379999971017241,0,0.5774940252304077,0.8061059713363647,0.1292019933462143,0,-0.07422900199890137,-0.10575799643993378,0.9916179776191711,0,-0.000019999999494757503,28.022199630737305,0,1,0.16821500658988953,-0.6848530173301697,0.70899897813797,0,0.40171000361442566,0.7044410109519958,0.5851430296897888,0,-0.9001849889755249,0.186381995677948,0.39361000061035156,0,3.859891891479492,6.273999214172363,3.2070000171661377,1,0.9665809869766235,0.188060000538826,-0.17422400414943695,0,-0.1690959930419922,0.97850102186203,0.11807999759912491,0,0.19268399477005005,-0.08467300236225128,0.9776009917259216,0,0,6.53181791305542,0,1,0.8339930176734924,0.5489940047264099,0.055330000817775726,0,-0.5469570159912109,0.8093180060386658,0.21410900354385376,0,0.07276500016450882,-0.20882800221443176,0.9752410054206848,0,0,7.5010199546813965,0,1,0.9863939881324768,-0.1319980025291443,0.09799200296401978,0,0.045837000012397766,0.793267011642456,0.6071460247039795,0,-0.15787599980831146,-0.5943940281867981,0.7885249853134155,0,-0.00004400000034365803,18.109600067138672,0,1,0.99760502576828,-0.0667010024189949,0.018292000517249107,0,0.006903999950736761,0.35919100046157837,0.9332389831542969,0,-0.06881800293922424,-0.9308779835700989,0.3587909936904907,0,0,4.184000015258789,0,1,0.9985679984092712,-0.05279000103473663,0.008706999942660332,0,0.016909999772906303,0.4657909870147705,0.8847330212593079,0,-0.05076099932193756,-0.8833190202713013,0.4660159945487976,0,0,3.8320000171661377,0,1,-0.6508449912071228,0.014922999776899815,0.7590640187263489,0,0.6563540101051331,-0.4914399981498718,0.5724400281906128,0,0.3815760016441345,0.8707839846611023,0.31005701422691345,0,13.025893211364746,-7.138250827789307,0.8584039807319641,1,0.9360820055007935,-0.23443999886512756,-0.26227399706840515,0,-0.10182499885559082,0.5330700278282166,-0.8399209976196289,0,0.3367219865322113,0.8129420280456543,0.4751259982585907,0,0,35.90399932861328,0,1,0.9796350002288818,-0.20077499747276306,0.0022909999825060368,0,0.12957599759101868,0.6408699750900269,0.7566350102424622,0,-0.15338200330734253,-0.7409290075302124,0.6538339853286743,0,0,40.588375091552734,0,1,0.9941040277481079,-0.05906900018453598,-0.09092699736356735,0,0.10643699765205383,0.6916120052337646,0.7143840193748474,0,0.020687999203801155,-0.7198500037193298,0.6938220262527466,0,0,24,0,1,-0.8968830108642578,0.3742460012435913,-0.2356719970703125,0,-0.4389269948005676,-0.6878299713134766,0.5781289935112,0,0.054260000586509705,0.6219559907913208,0.7811700105667114,0,-13.025912284851074,-7.138230800628662,0.8584079742431641,1,0.9922590255737305,-0.021841999143362045,0.12225399911403656,0,0.12081799656152725,0.397614985704422,-0.9095630049705505,0,-0.028743000701069832,0.9172919988632202,0.39717599749565125,0,0,35.903968811035156,0,1,0.8960019946098328,0.3940880000591278,0.2046319991350174,0,-0.2698709964752197,0.11731699854135513,0.955722987651825,0,0.35263198614120483,-0.9115539789199829,0.21146999299526215,0,0,40.588401794433594,0,1,0.9983270168304443,0.05492300167679787,0.018048999831080437,0,-0.05176800116896629,0.7103009819984436,0.7019919753074646,0,0.025736000388860703,-0.7017520070075989,0.7119560241699219,0,0,24,0,1
K0.033,0.6382459998130798,0.04048497974872589,0.7687669992446899,0,-0.12849800288677216,0.9902089834213257,0.054534029215574265,0,-0.7590320110321045,-0.13359101116657257,0.6371999979019165,0,0.3292887806892395,82.40753173828125,-0.3976297080516815,1,0.998088002204895,-0.027962002903223038,-0.055125001817941666,0,0.0381540022790432,0.9803509712219238,0.19353701174259186,0,0.0486299954354763,-0.19527001678943634,0.9795429706573486,0,0.00002499999936844688,14.652450561523438,0.43247199058532715,1,0.9924989938735962,-0.06505700945854187,-0.10350599884986877,0,0.07781900465488434,0.9891669750213623,0.12446601688861847,0,0.09428699314594269,-0.13158701360225677,0.986810028553009,0,0,10.372621536254883,0,1,0.9924989938735962,-0.06762801110744476,-0.10184500366449356,0,0.05348900705575943,0.9893090128898621,-0.1356699913740158,0,0.10993199795484543,0.12920498847961426,0.985505998134613,0,0,10.089533805847168,0,1,0.9870420098304749,-0.0010730329668149352,-0.16046099364757538,0,0.005487004294991493,0.9996190071105957,0.0270658228546381,0,0.16037100553512573,-0.027595825493335724,0.986670970916748,0,0,31.685012817382812,0.24644899368286133,1,0.9178699851036072,-0.0831209346652031,-0.3880789875984192,0,0.052287954837083817,0.9946249723434448,-0.08936592936515808,0,0.3934209942817688,0.06173395365476608,0.9172829985618591,0,0,11.408889770507812,1.920896053314209,1,0.3353700339794159,-0.0740400031208992,-0.9391720294952393,0,0.7550609707832336,-0.5750510096549988,0.3149600028991699,0,-0.5633919835090637,-0.8147600293159485,-0.1369510143995285,0,10.912857055664062,26.73272705078125,-2.70563006401062,1,0.9839760065078735,0.002646079519763589,0.1782820224761963,0,-0.039882075041532516,0.9778209924697876,0.20560793578624725,0,-0.1737840175628662,-0.2094239592552185,0.962257981300354,0,0,16.608760833740234,0,1,0.827303946018219,0.43397098779678345,0.35670408606529236,0,-0.4913930296897888,0.8667629957199097,0.08517294377088547,0,-0.2722161114215851,-0.2457450032234192,0.9303269386291504,0,0,32.327598571777344,0,1,0.998000979423523,0.045541003346443176,-0.04380800575017929,0,-0.05029800534248352,0.9921550154685974,-0.11444496363401413,0,0.03825201094150543,0.1164199635386467,0.9924629926681519,0,0.00003099999958067201,28.022167205810547,0,1,0.6833400130271912,0.6264669895172119,-0.37494900822639465,0,-0.47085899114608765,0.7706310153007507,0.42944100499153137,0,0.557977020740509,-0.11690600216388702,0.8215799927711487,0,-3.8598999977111816,6.273995876312256,3.206382989883423,1,0.9761049747467041,-0.13396300375461578,0.17109300196170807,0,0.1134520024061203,0.9857069849967957,0.12454000115394592,0,-0.18533200025558472,-0.1021530032157898,0.9773520231246948,0,0,6.531929969787598,0,1,0.9859020113945007,-0.16691899299621582,-0.011633999645709991,0,0.1673160046339035,0.9841560125350952,0.058674998581409454,0,0.0016560000367462635,-0.059794001281261444,0.9982089996337891,0,0,7.500809192657471,0,1,0.9947540163993835,0.10002999007701874,0.021409999579191208,0,-0.10023999959230423,0.9949229955673218,0.008968079462647438,0,-0.020403992384672165,-0.01106707938015461,0.9997310042381287,0,0.000037999998312443495,18.109710693359375,0.000025999999706982635,1,0.9999899864196777,0.0037280030082911253,-0.0023159997072070837,0,-0.0035120027605444193,0.9961770176887512,0.08728807419538498,0,0.0026330002583563328,-0.0872790738940239,0.99617999792099,0,0,4.183722972869873,0,1,0.9999669790267944,0.008098003454506397,-0.0009349996107630432,0,-0.007890003733336926,0.9903010129928589,0.13871707022190094,0,0.0020500007085502148,-0.1387050747871399,0.9903320074081421,0,0,3.831939935684204,0,1,0.46324801445007324,0.1200990080833435,0.8780530095100403,0,-0.7191100120544434,-0.5281220078468323,0.4516279995441437,0,0.5179589986801147,-0.840632975101471,-0.15828700363636017,0,-10.912900924682617,26.73299217224121,-2.7056291103363037,1,0.7782379984855652,0.5812059640884399,-0.23779205977916718,0,-0.45292094349861145,0.7817980647087097,0.42854997515678406,0,0.43498098850250244,-0.22581398487091064,0.8716650009155273,0,0,16.6086368560791,0,1,0.6658260226249695,-0.7026140093803406,-0.2510170340538025,0,0.7387080192565918,0.6680579781532288,0.08948998153209686,0,0.10481704026460648,-0.2450130134820938,0.9638370275497437,0,0,32.327598571777344,0,1,0.811581015586853,-0.5842270255088806,-0.003923996817320585,0,0.5795800089836121,0.8042430281639099,0.13145609200000763,0,-0.07364505529403687,-0.10896206647157669,0.9913139939308167,0,-0.000019999999494757503,28.022199630737305,0,1,0.16821500658988953,-0.6848530173301697,0.70899897813797,0,0.40171000361442566,0.7044410109519958,0.5851420164108276,0,-0.9001849889755249,0.186381995677948,0.39361000061035156,0,3.859891891479492,6.273999214172363,3.2070000171661377,1,0.9665809869766235,0.188060000538826,-0.17422400414943695,0,-0.1690959930419922,0.97850102186203,0.11807999759912491,0,0.19268399477005005,-0.08467300236225128,0.9776009917259216,0,0,6.53181791305542,0,1,0.8339930176734924,0.5489950180053711,0.055330000817775726,0,-0.5469570159912109,0.8093180060386658,0.21411000192165375,0,0.07276500016450882,-0.20882900059223175,0.9752410054206848,0,0,7.5010199546813965,0,1,0.9863939881324768,-0.1319980025291443,0.09799200296401978,0,0.045837000012397766,0.793267011642456,0.6071460247039795,0,-0.15787599980831146,-0.5943940281867981,0.7885249853134155,0,-0.00004400000034365803,18.109600067138672,0,1,0.99760502576828,-0.0667010024189949,0.018292000517249107,0,0.006903999950736761,0.35919100046157837,0.9332389831542969,0,-0.06881800293922424,-0.9308769702911377,0.3587909936904907,0,0,4.184000015258789,0,1,0.9985679984092712,-0.05279000103473663,0.008705999702215195,0,0.016909999772906303,0.4657909870147705,0.8847330212593079,0,-0.05076000094413757,-0.8833190202713013,0.4660170078277588,0,0,3.8320000171661377,0,1,-0.6504250168800354,0.01570100709795952,0.7594079971313477,0,0.6585390567779541,-0.4865649342536926,0.5740919709205627,0,0.37851497530937195,0.8735040426254272,0.3061339259147644,0,13.025893211364746,-7.138250827789307,0.8584039807319641,1,0.9355610013008118,-0.23636803030967712,-0.26240500807762146,0,-0.10164099186658859,0.5313659310340881,-0.8410230278968811,0,0.33822399377822876,0.8134989738464355,0.4730999767780304,0,0,35.90399932861328,0,1,0.9797430038452148,-0.20024900138378143,0.002174997003749013,0,0.12943099439144135,0.6414690017700195,0.7561519742012024,0,-0.15281400084495544,-0.7405530214309692,0.6543930172920227,0,0,40.588375091552734,0,1,0.9940760135650635,-0.05878499895334244,-0.09141900390386581,0,0.10660100728273392,0.6913750171661377,0.71458899974823,0,0.021198008209466934,-0.720100998878479,0.6935459971427917,0,0,24,0,1,-0.8975319862365723,0.37149497866630554,-0.23754502832889557,0,-0.43784400820732117,-0.6870219707489014,0.5799080729484558,0,0.0522339791059494,0.6244940757751465,0.779280960559845,0,-13.025912284851074,-7.138230800628662,0.8584079742431641,1,0.9923290014266968,-0.021395983174443245,0.12175700813531876,0,0.12025800347328186,0.39530593156814575,-0.9106429815292358,0,-0.028647011145949364,0.9182999730110168,0.39484694600105286,0,0,35.903968811035156,0,1,0.8964449763298035,0.3927989602088928,0.20517002046108246,0,-0.2697080075740814,0.11623498797416687,0.955901026725769,0,0.35162895917892456,-0.9122490286827087,0.21013997495174408,0,0,40.588401794433594,0,1,0.9984089732170105,0.05383900925517082,0.01675700582563877,0,-0.05007800832390785,0.7100570201873779,0.702360987663269,0,0.025915000587701797,-0.7020829916000366,0.7116230130195618,0,0,24,0,1
K0.067,0.6393460035324097,0.03860501945018768,0.7679499983787537,0,-0.12888699769973755,0.9899889826774597,0.05753697082400322,0,-0.7580400109291077,-0.1357639878988266,0.6379209756851196,0,0.30871620774269104,82.29451751708984,-0.46930527687072754,1,0.9980790019035339,-0.02840699627995491,-0.05505400151014328,0,0.03865199536085129,0.9800329804420471,0.19504398107528687,0,0.04841400310397148,-0.1967969834804535,0.9792479872703552,0,0.00002499999936844688,14.652450561523438,0.43247199058532715,1,0.9924899935722351,-0.06557999551296234,-0.10325700044631958,0,0.07843699306249619,0.9889460206031799,0.12583398818969727,0,0.09386301040649414,-0.13298799097537994,0.9866629838943481,0,0,10.372621536254883,0,1,0.9924889802932739,-0.06815699487924576,-0.10159099847078323,0,0.05420099198818207,0.9894559979438782,-0.13430900871753693,0,0.10967399924993515,0.12779401242733002,0.9857180118560791,0,0,10.089533805847168,0,1,0.9871410131454468,-0.004359967540949583,-0.15979300439357758,0,0.00592899601906538,0.9999390244483948,0.00934117566794157,0,0.15974299609661102,-0.010168173350393772,0.9871060252189636,0,0,31.685012817382812,0.24644899368286133,1,0.9180799722671509,-0.07627706974744797,-0.3889879882335663,0,0.047732044011354446,0.9954439997673035,-0.08254006505012512,0,0.39351099729537964,0.05721104517579079,0.9175379872322083,0,0,11.408889770507812,1.920896053314209,1,0.3368879556655884,-0.0742269977927208,-0.938614010810852,0,0.7542449831962585,-0.5754290223121643,0.3162209987640381,0,-0.5635780096054077,-0.8144760131835938,-0.13786998391151428,0,10.912857055664062,26.73272705078125,-2.70563006401062,1,0.9833210110664368,0.01060992106795311,0.1815679669380188,0,-0.04744092375040054,0.9787009954452515,0.19973506033420563,0,-0.17558199167251587,-0.2050180435180664,0.96288001537323,0,0,16.608760833740234,0,1,0.8225400447845459,0.4345589876174927,0.36685991287231445,0,-0.493075966835022,0.8663650155067444,0.07929006218910217,0,-0.28337886929512024,-0.2461089938879013,0.9268910884857178,0,0,32.327598571777344,0,1,0.9979419708251953,0.04595699533820152,-0.04472699388861656,0,-0.05068299546837807,0.9925249814987183,-0.11101903766393661,0,0.03929099068045616,0.11305803060531616,0.9928110241889954,0,0.00003099999958067201,28.022167205810547,0,1,0.6833400130271912,0.6264659762382507,-0.37494900822639465,0,-0.47085899114608765,0.7706320285797119,0.4294399917125702,0,0.5579779744148254,-0.11690600216388702,0.8215799927711487,0,-3.8598999977111816,6.273995876312256,3.206382989883423,1,0.9760749936103821,-0.13421200215816498,0.17106999456882477,0,0.11367800086736679,0.9856629967689514,0.12468399852514267,0,-0.18535199761390686,-0.1022540032863617,0.9773380160331726,0,0,6.531929969787598,0,1,0.9859020113945007,-0.16691899299621582,-0.011633999645709991,0,0.1673160046339035,0.9841560125350952,0.058674998581409454,0,0.0016560000367462635,-0.059794001281261444,0.9982089996337891,0,0,7.500809192657471,0,1,0.9948049783706665,0.09952400624752045,0.021416999399662018,0,-0.0998930037021637,0.9948539733886719,0.016916921362280846,0,-0.019623007625341415,-0.018968921154737473,0.9996269941329956,0,0.000037999998312443495,18.109710693359375,0.000025999999706982635,1,0.9999889731407166,0.004021997097879648,-0.002290000207722187,0,-0.0037869971711188555,0.9954959750175476,0.09473192691802979,0,0.002660999773070216,-0.09472192823886871,0.9955000281333923,0,0,4.183722972869873,0,1,0.9999639987945557,0.008452996611595154,-0.0008940004045143723,0,-0.008231996558606625,0.9892339706420898,0.14611192047595978,0,0.0021199993789196014,-0.14609992504119873,0.9892680048942566,0,0,3.831939935684204,0,1,0.4631890058517456,0.12101098895072937,0.8779590129852295,0,-0.7178230285644531,-0.5297859907150269,0.4517259895801544,0,0.5197950005531311,-0.8394539952278137,-0.15852700173854828,0,-10.912900924682617,26.73299217224121,-2.7056291103363037,1,0.7809399962425232,0.5753280520439148,-0.24316594004631042,0,-0.44697105884552,0.7866919636726379,0.42583203315734863,0,0.4362899959087372,-0.22386100888252258,0.8715140223503113,0,0,16.6086368560791,0,1,0.6640400290489197,-0.7027940154075623,-0.25520896911621094,0,0.7397770285606384,0.6670969724655151,0.08780801296234131,0,0.10853796452283859,-0.24710598587989807,0.9628909826278687,0,0,32.327598571777344,0,1,0.8120030164718628,-0.5836420059204102,-0.0035930031444877386,0,0.5782870054244995,0.8036890029907227,0.14024090766906738,0,-0.07896294444799423,-0.11595392972230911,0.9901109933853149,0,-0.000019999999494757503,28.022199630737305,0,1,0.16821500658988953,-0.6848530173301697,0.70899897813797,0,0.40171000361442566,0.7044410109519958,0.5851420164108276,0,-0.9001849889755249,0.18638299405574799,0.39361000061035156,0,3.859891891479492,6.273999214172363,3.2070000171661377,1,0.9665809869766235,0.188060000538826,-0.17422400414943695,0,-0.1690959930419922,0.97850102186203,0.11807999759912491,0,0.19268499314785004,-0.08467300236225128,0.9776009917259216,0,0,6.53181791305542,0,1,0.8339920043945312,0.5489950180053711,0.055330000817775726,0,-0.5469570159912109,0.8093180060386658,0.21410900354385376,0,0.07276500016450882,-0.20882900059223175,0.9752410054206848,0,0,7.5010199546813965,0,1,0.986395001411438,-0.1319980025291443,0.09799200296401978,0,0.045837998390197754,0.793267011642456,0.6071460247039795,0,-0.15787599980831146,-0.5943930149078369,0.7885249853134155,0,-0.00004400000034365803,18.109600067138672,0,1,0.99760502576828,-0.0667010024189949,0.018292000517249107,0,0.006903999950736761,0.35919100046157837,0.9332389831542969,0,-0.06881800293922424,-0.9308779835700989,0.3587909936904907,0,0,4.184000015258789,0,1,0.9985679984092712,-0.05279000103473663,0.008706999942660332,0,0.016909999772906303,0.4657909870147705,0.8847330212593079,0,-0.05076000094413757,-0.8833190202713013,0.4660159945487976,0,0,3.8320000171661377,0,1,-0.6498240232467651,0.01645699329674244,0.759905993938446,0,0.6616039276123047,-0.47992005944252014,0.5761560201644897,0,0.3741770386695862,0.8771579265594482,0.30097606778144836,0,13.025893211364746,-7.138250827789307,0.8584039807319641,1,0.9351969957351685,-0.23868097364902496,-0.26160699129104614,0,-0.10113000869750977,0.5279680490493774,-0.8432220220565796,0,0.33938100934028625,0.8150349855422974,0.46961602568626404,0,0,35.90399932861328,0,1,0.9798650145530701,-0.1996539980173111,0.0018650030251592398,0,0.12937699258327484,0.6420130133628845,0.7556989789009094,0,-0.15207600593566895,-0.7402420043945312,0.654915988445282,0,0,40.588375091552734,0,1,0.9939889907836914,-0.058674998581409454,-0.09243199229240417,0,0.1072629913687706,0.6910629868507385,0.714792013168335,0,0.021935991942882538,-0.7204089760780334,0.693202018737793,0,0,24,0,1,-0.8979219794273376,0.3682580292224884,-0.2410859763622284,0,-0.4373210072517395,-0.6843580007553101,0.5834419131278992,0,0.04986802116036415,0.6293169260025024,0.7755470871925354,0,-13.025912284851074,-7.138230800628662,0.8584079742431641,1,0.9923059940338135,-0.019718017429113388,0.12223199009895325,0,0.12019900232553482,0.39015907049179077,-0.9128680229187012,0,-0.029689988121390343,0.9205359816551208,0.3895270526409149,0,0,35.903968811035156,0,1,0.8971440196037292,0.39072301983833313,0.20607899129390717,0,-0.26945599913597107,0.1143760159611702,0.9561960101127625,0,0.3500370383262634,-0.9133750200271606,0.20789401233196259,0,0,40.588401794433594,0,1,0.9983639717102051,0.05447099357843399,0.017392994835972786,0,-0.05096099153161049,0.7096499800682068,0.7027090191841125,0,0.025933999568223953,-0.7024459838867188,0.7112650275230408,0,0,24,0,1
K0.100,0.6407880187034607,0.036389999091625214,0.766855001449585,0,-0.1293099969625473,0.9897210001945496,0.061087001115083694,0,-0.7567489743232727,-0.13830499351024628,0.6389070153236389,0,0.28843599557876587,82.14916229248047,-0.5471580028533936,1,0.9980739951133728,-0.02879899926483631,-0.054944999516010284,0,0.03913399949669838,0.9795330166816711,0.19744199514389038,0,0.04813399910926819,-0.1992119997739792,0.9787729978561401,0,0.00002499999936844688,14.652450561523438,0.43247199058532715,1,0.9924690127372742,-0.06604400277137756,-0.10317199677228928,0,0.07904200255870819,0.9886900186538696,0.12745699286460876,0,0.0935870036482811,-0.1346520036458969,0.9864640235900879,0,0,10.372621536254883,0,1,0.992464005947113,-0.06864500045776367,-0.10150200128555298,0,0.054878998547792435,0.989637017250061,-0.1326889991760254,0,0.10955899953842163,0.126119002699852,0.9859470129013062,0,0,10.089533805847168,0,1,0.9878820180892944,-0.0076339999213814735,-0.15502099692821503,0,0.005663000047206879,0.9998970031738281,-0.01314999908208847,0,0.15510599315166473,0.012112999334931374,0.987824022769928,0,0,31.685012817382812,0.24644899368286133,1,0.9182810187339783,-0.06978599727153778,-0.3897300064563751,0,0.042892999947071075,0.996084988117218,-0.07729800045490265,0,0.3935979902744293,0.05426499992609024,0.9176790118217468,0,0,11.408889770507812,1.920896053314209,1,0.3402169942855835,-0.07445000112056732,-0.9373949766159058,0,0.7525690197944641,-0.5761479735374451,0.31889501214027405,0,-0.5638200044631958,-0.8139479756355286,-0.13998599350452423,0,10.912857055664062,26.73272705078125,-2.70563006401062,1,0.9826949834823608,0.017621999606490135,0.18439200520515442,0,-0.05378999933600426,0.9797160029411316,0.1930360049009323,0,-0.17725099623203278,-0.19961300492286682,0.9637100100517273,0,0,16.608760833740234,0,1,0.8152449727058411,0.4410080015659332,0.3753489851951599,0,-0.5001159906387329,0.8629310131072998,0.07235299795866013,0,-0.2919920086860657,-0.24670299887657166,0.9240549802780151,0,0,32.327598571777344,0,1,0.9981549978256226,0.043101001530885696,-0.0427590012550354,0,-0.047529999166727066,0.9929419755935669,-0.10865800082683563,0,0.03777400031685829,0.11049000173807144,0.9931589961051941,0,0.00003099999958067201,28.022167205810547,0,1,0.6833400130271912,0.6264659762382507,-0.37494900822639465,0,-0.47085899114608765,0.7706310153007507,0.42944100499153137,0,0.557977020740509,-0.11690600216388702,0.8215799927711487,0,-3.8598999977111816,6.273995876312256,3.206382989883423,1,0.9760469794273376,-0.13444100320339203,0.17104999721050262,0,0.11388599872589111,0.985621988773346,0.12481500208377838,0,-0.18537099659442902,-0.10234499722719193,0.9773250222206116,0,0,6.531929969787598,0,1,0.9859020113945007,-0.16691799461841583,-0.011633999645709991,0,0.16731500625610352,0.9841560125350952,0.058674998581409454,0,0.0016560000367462635,-0.059794001281261444,0.9982089996337891,0,0,7.500809192657471,0,1,0.9948520064353943,0.09904400259256363,0.021425999701023102,0,-0.09956900030374527,0.9947159886360168,0.025012999773025513,0,-0.018835000693798065,-0.027017999440431595,0.9994570016860962,0,0.000037999998312443495,18.109710693359375,0.000025999999706982635,1,0.9999880194664001,0.004327999893575907,-0.0022609999869018793,0,-0.00407300004735589,0.9947230219841003,0.10251100361347198,0,0.002693000016734004,-0.10250099748373032,0.9947289824485779,0,0,4.183722972869873,0,1,0.9999610185623169,0.008824000135064125,-0.0008479999960400164,0,-0.008589000441133976,0.9880589842796326,0.15383799374103546,0,0.0021959999576210976,-0.15382499992847443,0.9880959987640381,0,0,3.831939935684204,0,1,0.4615190029144287,0.1229339987039566,0.8785719871520996,0,-0.7154819965362549,-0.5339319705963135,0.45055699348449707,0,0.5244860053062439,-0.8365430235862732,-0.1584630012512207,0,-10.912900924682617,26.73299217224121,-2.7056291103363037,1,0.7849439978599548,0.5671460032463074,-0.24941399693489075,0,-0.4393180012702942,0.7933530211448669,0.4214150011539459,0,0.4368770122528076,-0.22121499478816986,0.8718960285186768,0,0,16.6086368560791,0,1,0.6605309844017029,-0.7034419775009155,-0.2624279856681824,0,0.7416790127754211,0.66566401720047,0.08248399943113327,0,0.11666599661111832,-0.24911999702453613,0.9614199995994568,0,0,32.327598571777344,0,1,0.8131840229034424,-0.5820050239562988,-0.0012830001069232821,0,0.5754070281982422,0.803629994392395,0.15193599462509155,0,-0.08739600330591202,-0.12428999692201614,0.9883900284767151,0,-0.000019999999494757503,28.022199630737305,0,1,0.16821500658988953,-0.6848530173301697,0.70899897813797,0,0.40171000361442566,0.7044410109519958,0.5851420164108276,0,-0.9001849889755249,0.18638299405574799,0.39361000061035156,0,3.859891891479492,6.273999214172363,3.2070000171661377,1,0.9665809869766235,0.188060000538826,-0.17422400414943695,0,-0.1690959930419922,0.97850102186203,0.11807999759912491,0,0.19268399477005005,-0.08467300236225128,0.9776009917259216,0,0,6.53181791305542,0,1,0.8339920043945312,0.5489950180053711,0.055330000817775726,0,-0.5469570159912109,0.8093180060386658,0.21410900354385376,0,0.07276500016450882,-0.20882900059223175,0.9752410054206848,0,0,7.5010199546813965,0,1,0.9863939881324768,-0.1319980025291443,0.09799300134181976,0,0.045837000012397766,0.793267011642456,0.6071460247039795,0,-0.15787599980831146,-0.5943940281867981,0.7885249853134155,0,-0.00004400000034365803,18.109600067138672,0,1,0.99760502576828,-0.0667010024189949,0.01829100027680397,0,0.006905000191181898,0.35919100046157837,0.9332380294799805,0,-0.06881800293922424,-0.9308769702911377,0.3587920069694519,0,0,4.184000015258789,0,1,0.9985679984092712,-0.05279000103473663,0.008706999942660332,0,0.016909999772906303,0.4657909870147705,0.8847330212593079,0,-0.05076099932193756,-0.8833190202713013,0.4660159945487976,0,0,3.8320000171661377,0,1,-0.6487990021705627,0.017827000468969345,0.7607510089874268,0,0.6654250025749207,-0.47168299555778503,0.5785539746284485,0,0.36914700269699097,0.8815879821777344,0.2941649854183197,0,13.025893211364746,-7.138250827789307,0.8584039807319641,1,0.9344589710235596,-0.24222299456596375,-0.2609870135784149,0,-0.10062699764966965,0.5234410166740417,-0.8460990190505981,0,0.34155601263046265,0.8169069886207581,0.4647600054740906,0,0,35.90399932861328,0,1,0.9800940155982971,-0.198526993393898,0.0015030000358819962,0,0.12901699542999268,0.6426519751548767,0.7552170157432556,0,-0.15089699625968933,-0.7399899959564209,0.655472993850708,0,0,40.588375091552734,0,1,0.993939995765686,-0.058504000306129456,-0.09306500107049942,0,0.10761000216007233,0.6907389760017395,0.7150530219078064,0,0.022451000288128853,-0.7207340002059937,0.6928480267524719,0,0,24,0,1,-0.8979520201683044,0.36454901099205017,-0.24654899537563324,0,-0.43765199184417725,-0.6807479858398438,0.5874029994010925,0,0.046300001442432404,0.635362982749939,0.7708250284194946,0,-13.025912284851074,-7.138230800628662,0.8584079742431641,1,0.9922680258750916,-0.01684900000691414,0.12296299636363983,0,0.11997699737548828,0.3838050067424774,-0.9155870079994202,0,-0.03176699951291084,0.923259973526001,0.3828589916229248,0,0,35.903968811035156,0,1,0.8980799913406372,0.38804998993873596,0.20704799890518188,0,-0.26902198791503906,0.1122170016169548,0.9565749764442444,0,0.3479650020599365,-0.9147809743881226,0.20517399907112122,0,0,40.588401794433594,0,1,0.998341977596283,0.054565999656915665,0.018332000821828842,0,-0.051669999957084656,0.7091240286827087,0.7031880021095276,0,0.025369999930262566,-0.7029690146446228,0.7107679843902588,0,0,24,0,1
