0.700,30,20,43
B0,mixamorig_Hips,-1,0.9950652718544006,-0.02672496996819973,-0.0913950502872467,0,0.043136902153491974,0.9818964600563049,0.18239222466945648,0,0.08485877513885498,-0.18572162091732025,0.9789125323295593,0,-2.1029467582702637,85.57498931884766,-0.11637629568576813,1
B1,mixamorig_Spine,0,0.9793398976325989,0.003734833560883999,0.19687511026859283,0,-0.03763506934046745,0.9846481084823608,0.16747905313968658,0,-0.19318817555904388,-0.17263321578502655,0.965238094329834,0,0,14.65250015258789,0.4325000047683716,1
B2,mixamorig_Spine1,1,0.9960649013519287,-0.008924581110477448,0.08580472320318222,0,0.005305421072989702,0.9990907907485962,0.041944537311792374,0,-0.08609574288129807,-0.04142891243100166,0.9952303171157837,0,0,10.372599601745605,0,1
B3,mixamorig_Spine2,2,0.9960158467292786,-0.01376057043671608,0.08576349914073944,0,0.010519266128540039,0.9992157816886902,0.03780620917677879,0,-0.08621153980493546,-0.0368533581495285,0.9954013228416443,0,0,10.089500427246094,0,1
B4,mixamorig_Neck,3,0.9990397691726685,0.025802163407206535,-0.032310258597135544,0,-0.027175797149538994,0.9985890984535217,-0.04361974447965622,0,0.03119073063135147,0.04455021396279335,0.9984902143478394,0,0,31.684999465942383,0.24639999866485596,1
B5,mixamorig_Head,4,0.9760399460792542,-0.020812852308154106,-0.20714063942432404,0,-0.024133868515491486,0.9767566919326782,-0.21270141005516052,0,0.2067641019821167,0.2119767665863037,0.9531087279319763,0,0,11.408900260925293,1.9208999872207642,1
B6,mixamorig_HeadTop_End,5,1,0,0,0,0,1,0,0,0,0,1,0,0.06040000170469284,36.99250030517578,6.669400215148926,1
B7,mixamorig_Reye,5,1,0,0,0,0,1,0,0,0,0,1,0,-5.297500133514404,11.923600196838379,11.889900207519531,1
B8,mixamorig_Leye,5,1,0,0,0,0,1,0,0,0,0,1,0,5.452600002288818,11.923600196838379,11.889900207519531,1
B9,mixamorig_LeftShoulder,3,0.23658668994903564,-0.041959717869758606,-0.9706264734268188,0,0.6918821930885315,-0.6932891011238098,0.19896961748600006,0,-0.6812982559204102,-0.7186932563781738,-0.13480044901371002,0,10.9128999710083,26.73270034790039,-2.7056000232696533,1
B10,mixamorig_LeftArm,9,0.92697674036026,0.18644364178180695,0.323827862739563,0,-0.31467223167419434,0.8572933673858643,0.40653491020202637,0,-0.20154456794261932,-0.47947144508361816,0.8537876605987549,0,0,16.608800888061523,0,1
B11,mixamorig_LeftForeArm,10,0.0034879071172326803,0.9983155131340027,0,0,-0.9983155131340027,0.0034879071172326803,0,0,0,0,1,0,0,32.327598571777344,0,1
B12,mixamorig_LeftHand,11,0.9965317249298096,0.05356615036725998,0.033913373947143555,0,-0.04992811009287834,0.9920845031738281,-0.10806482285261154,0,-0.03912698104977608,0.10473545640707016,0.9930149912834167,0,0,28.022199630737305,0,1
B13,mixamorig_LeftHandThumb1,12,0.9124370217323303,0.4070607125759125,0.041958291083574295,0,-0.36808469891548157,0.7715950012207031,0.5188012719154358,0,0.1788090020418167,-0.4888179898262024,0.8538640141487122,0,-3.8598999977111816,6.27400016784668,3.206399917602539,1
B14,mixamorig_LeftHandThumb2,13,0.7861404418945312,-0.616757869720459,-0.008363333530724049,0,0.6089282035827637,0.778154730796814,-0.15385648608207703,0,0.10133233666419983,0.11577961593866348,0.987324059009552,0,0,6.531899929046631,0,1
B15,mixamorig_LeftHandThumb3,14,0.8459121584892273,0.36999309062957764,-0.38360467553138733,0,-0.47034478187561035,0.8567165732383728,-0.2108163684606552,0,0.25061845779418945,0.3589494824409485,0.8990548849105835,0,0,7.500800132751465,0,1
B16,mixamorig_LeftHandThumb4,15,1,0,0,0,0,1,0,0,0,0,1,0,0,4.862299919128418,0,1
B17,mixamorig_LeftHandIndex1,12,0.9928516149520874,-0.05937647819519043,-0.10341641306877136,0,0.11062170565128326,0.13504528999328613,0.9846216440200806,0,-0.044519104063510895,-0.9890389442443848,0.14066444337368011,0,0,18.109699249267578,0,1
B18,mixamorig_LeftHandIndex2,17,0.9927420616149902,-0.09719366580247879,-0.0708211362361908,0,0.09719366580247879,0.3016480803489685,0.9484471082687378,0,-0.0708211362361908,-0.9484471082687378,0.30890604853630066,0,0,4.183700084686279,0,1
B19,mixamorig_LeftHandIndex3,18,0.9902468323707581,-0.10174944996833801,-0.09517540782690048,0,0.10174944996833801,0.061499323695898056,0.9929024577140808,0,-0.09517540782690048,-0.9929024577140808,0.07125245779752731,0,0,3.831899881362915,0,1
B20,mixamorig_LeftHandIndex4,19,1,0,0,0,0,1,0,0,0,0,1,0,0,4.86359977722168,0,1
B21,mixamorig_RightShoulder,3,0.07197340577840805,0.03972397372126579,0.996605396270752,0,-0.727568507194519,-0.6813800930976868,0.07970640063285828,0,0.682233452796936,-0.7308498024940491,-0.02013491280376911,0,-10.9128999710083,26.732999801635742,-2.7056000232696533,1
B22,mixamorig_RightArm,21,0.9369077682495117,-0.11835671961307526,0.3098602592945099,0,0.021898329257965088,0.9501894116401672,0.2956627309322357,0,-0.3320471942424774,-0.2778227925300598,0.899749219417572,0,0,16.608600616455078,0,1
B23,mixamorig_RightForeArm,22,0.004789149388670921,-0.994206428527832,0,0,0.994206428527832,0.004789149388670921,0,0,0,0,1,0,0,32.327598571777344,0,1
B24,mixamorig_RightHand,23,0.9669973254203796,-0.019071197137236595,0.24981118738651276,0,0.02476753666996956,0.9985551834106445,-0.020005906000733376,0,-0.24932928383350372,0.024830874055624008,0.9679310917854309,0,0,28.022199630737305,0,1
B25,mixamorig_RightHandThumb1,24,0.884296715259552,-0.4482612907886505,0.13069500029087067,0,0.352851003408432,0.8248599767684937,0.44170328974723816,0,-0.3058040142059326,-0.3444809913635254,0.8875899910926819,0,3.8598999977111816,6.27400016784668,3.2070000171661377,1
B26,mixamorig_RightHandThumb2,25,0.9606587290763855,0.27537837624549866,-0.03591817989945412,0,-0.2743281126022339,0.9609141945838928,0.030171802267432213,0,0.0428939014673233,-0.019112249836325645,0.9986631274223328,0,0,6.531799793243408,0,1
B27,mixamorig_RightHandThumb3,26,0.9650835990905762,-0.2611209750175476,0.02071826532483101,0,0.26031526923179626,0.9472870826721191,-0.18677034974098206,0,0.029143258929252625,0.18564192950725555,0.9821847677230835,0,0,7.500999927520752,0,1
B28,mixamorig_RightHandThumb4,27,1,0,0,0,0,1,0,0,0,0,1,0,0,4.862299919128418,0,1
B29,mixamorig_RightHandIndex1,24,0.996093213558197,0.0777859166264534,-0.04155341908335686,0,0.020739827305078506,0.2522397041320801,0.9670435190200806,0,0.0857846811413765,-0.9641263484954834,0.24965015053749084,0,0,18.109600067138672,0,1
B30,mixamorig_RightHandIndex2,29,0.9955691695213318,0.07670305669307709,0.05438729375600815,0,-0.07670305669307709,0.3279377222061157,0.9415803551673889,0,0.05438729375600815,-0.9415803551673889,0.33236756920814514,0,0,4.184000015258789,0,1
B31,mixamorig_RightHandIndex3,30,0.9974861741065979,0.06379124522209167,0.0308612659573555,0,-0.06379124522209167,0.6186472177505493,0.7830749154090881,0,0.0308612659573555,-0.7830749154090881,0.6211610436439514,0,0,3.8320000171661377,0,1
B32,mixamorig_RightHandIndex4,31,1,0,0,0,0,1,0,0,0,0,1,0,0,4.86299991607666,0,1
B33,mixamorig_LeftUpLeg,0,-0.9983864426612854,0.014133269898593426,0.04056563973426819,0,0.0024071414954960346,-0.905193030834198,0.39320752024650574,0,0.048113059252500534,0.3932826519012451,0.9046206474304199,0,13.025899887084961,-7.138299942016602,0.8583999872207642,1
B34,mixamorig_LeftLeg,33,0.9924265146255493,0.10877996683120728,0.026670191437005997,0,-0.033557116985321045,0.4624001979827881,-0.8766260147094727,0,-0.1065613254904747,0.8690801858901978,0.46299782395362854,0,0,35.90399932861328,0,1
B35,mixamorig_LeftFoot,34,0.9830410480499268,0.07666260749101639,-0.1531192511320114,0,0.15837140381336212,-0.07445301860570908,0.9817341566085815,0,0.06187062710523605,-0.9937567710876465,-0.08472621440887451,0,0,40.588401794433594,0,1
B36,mixamorig_LeftToeBase,35,1,0.0000019999999949504854,0,0,-9.999999974752427e-7,0.6927232146263123,0.7211077213287354,0,9.999999974752427e-7,-0.7211077213287354,0.6927232146263123,0,0,24,0,1
B37,mixamorig_LeftToe_End,36,1,0,0,0,0,1,0,0,0,0,1,0,0,14.832099914550781,0,1
B38,mixamorig_RightUpLeg,0,-0.993412971496582,-0.04469160735607147,-0.09843911975622177,0,-0.09462771564722061,-0.09682212769985199,0.9905149936676025,0,-0.053996481001377106,0.9933282136917114,0.09222506731748581,0,-13.025899887084961,-7.138199806213379,0.8583999872207642,1
B39,mixamorig_RightLeg,38,0.9947214126586914,0.08550276607275009,-0.04573298990726471,0,-0.006848663091659546,-0.4383907616138458,-0.8922548294067383,0,-0.09727287292480469,0.8877214193344116,-0.43573078513145447,0,0,35.90399932861328,0,1
B40,mixamorig_RightFoot,39,0.9991293549537659,-0.03587869554758072,0.008913867175579071,0,0.0191507488489151,0.7258700132369995,0.6837565302848816,0,-0.03210097551345825,-0.6829863786697388,0.726211667060852,0,0,40.588401794433594,0,1
B41,mixamorig_RightToeBase,40,1,2.916349887277514e-12,0,0,-2.916349887277514e-12,0.5967105031013489,0.802230715751648,0,2.916349887277514e-12,-0.802230715751648,0.5967105031013489,0,0,24,0,1
B42,mixamorig_RightToe_End,41,1,0,0,0,0,1,0,0,0,0,1,0,0,14.831999778747559,0,1
@34,0,1,2,3,4,5,9,10,11,12,13,14,15,17,18,19,21,22,23,24,25,26,27,29,30,31,33,34,35,36,38,39,40,41
K0.000,0.9947929978370667,-0.10191100090742111,-0.0005050000036135316,0,0.10002200305461884,0.9753730297088623,0.19658100605010986,0,-0.019541999325156212,-0.1956080049276352,0.9804869890213013,0,1.0238449573516846,84.34949493408203,-1.87540602684021,1,0.990181028842926,0.13971099257469177,-0.004656999837607145,0,-0.1365939974784851,0.9740930199623108,0.18023400008678436,0,0.02971700020134449,-0.17782799899578094,0.9836130142211914,0,0,14.65250015258789,0.4325000047683716,1,0.9999600052833557,0.008844999596476555,0.0010939999483525753,0,-0.00889500044286251,0.9981120228767395,0.06077900156378746,0,-0.0005540000274777412,-0.06078600138425827,0.9981510043144226,0,0,10.372599601745605,0,1,0.9999939799308777,0.003197999903932214,0.001101000001654029,0,-0.0032560001127421856,0.9983689785003662,0.05700099840760231,0,-0.0009169999975711107,-0.05700499936938286,0.9983729720115662,0,0,10.089500427246094,0,1,0.999970018863678,-0.00443999981507659,0.006275000050663948,0,0.0048500001430511475,0.9977440237998962,-0.06696300208568573,0,-0.005963000003248453,0.06699199974536896,0.9977359771728516,0,0,31.684999465942383,0.24639999866485596,1,0.998399019241333,-0.05653100088238716,0.0016740000573918223,0,0.054763998836278915,0.9589490294456482,-0.27823999524116516,0,0.014124000445008278,0.2778869867324829,0.9605100154876709,0,0,11.408900260925293,1.9208999872207642,1,0.12685799598693848,-0.041891999542713165,-0.9910359978675842,0,0.7006639838218689,-0.7034260034561157,0.11942300200462341,0,-0.7021229863166809,-0.7095329761505127,-0.05988200008869171,0,10.9128999710083,26.73270034790039,-2.7056000232696533,1,0.9601960182189941,-0.13071799278259277,-0.24685299396514893,0,0.2205909937620163,0.8970040082931519,0.3830440044403076,0,0.17135700583457947,-0.42225098609924316,0.8901349902153015,0,0,16.608800888061523,0,1,0,1,0,0,-1,0,0,0,0,0,1,0,0,32.327598571777344,0,1,0.9966530203819275,0.044220998883247375,-0.06876000016927719,0,-0.057363998144865036,0.9775400161743164,-0.2027910053730011,0,0.05824799835681915,0.20605599880218506,0.9768049716949463,0,0,28.022199630737305,0,1,0.9124370217323303,0.40705999732017517,0.041958000510931015,0,-0.36808401346206665,0.7715950012207031,0.5188019871711731,0,0.1788090020418167,-0.4888179898262024,0.8538640141487122,0,-3.8598999977111816,6.27400016784668,3.206399917602539,1,0.8856599926948547,-0.39913100004196167,-0.23727700114250183,0,0.358254998922348,0.91246098279953,-0.19765600562095642,0,0.295397013425827,0.09004999697208405,0.9511209726333618,0,0,6.531899929046631,0,1,0.775143027305603,0.5051029920578003,-0.37950599193573,0,-0.5865749716758728,0.7985129952430725,-0.13530400395393372,0,0.23469799757003784,0.3274880051612854,0.9152420163154602,0,0,7.500800132751465,0,1,0.9800360202789307,-0.09994100034236908,-0.17187699675559998,0,0.17128700017929077,-0.014522000215947628,0.9851139783859253,0,-0.1009489968419075,-0.9948869943618774,0.002887000096961856,0,0,18.109699249267578,0,1,0.9927889704704285,-0.09704799950122833,-0.0703670009970665,0,0.09704899787902832,0.30612999200820923,0.9470300078392029,0,-0.07036600261926651,-0.9470300078392029,0.3133409917354584,0,0,4.183700084686279,0,1,0.9902960062026978,-0.10171899944543839,-0.09469900280237198,0,0.10171899944543839,0.06619399785995483,0.9926080107688904,0,-0.09469900280237198,-0.9926080107688904,0.07589799910783768,0,0,3.831899881362915,0,1,0.12983299791812897,0.04175399988889694,0.9906560182571411,0,-0.6998109817504883,-0.7039390206336975,0.12138500064611435,0,0.702430009841919,-0.7090330123901367,-0.062174998223781586,0,-10.9128999710083,26.732999801635742,-2.7056000232696533,1,0.9008190035820007,-0.43355900049209595,0.02349100075662136,0,0.42631301283836365,0.8934339880943298,0.14153900742530823,0,-0.08235300332307816,-0.11748600006103516,0.989654004573822,0,0,16.608600616455078,0,1,-0.0047519998624920845,-0.9999889731407166,0,0,0.9999889731407166,-0.0047519998624920845,0,0,0,0,1,0,0,32.327598571777344,0,1,0.9713760018348694,-0.19626399874687195,0.1338219940662384,0,0.21984699368476868,0.9561480283737183,-0.19351400434970856,0,-0.08997300267219543,0.21739600598812103,0.9719280004501343,0,0,28.022199630737305,0,1,0.8842960000038147,-0.4482620060443878,0.13069500029087067,0,0.352851003408432,0.8248599767684937,0.44170400500297546,0,-0.3058040142059326,-0.3444809913635254,0.8875899910926819,0,3.8598999977111816,6.27400016784668,3.2070000171661377,1,0.9685959815979004,0.2345139980316162,0.08260899782180786,0,-0.21244800090789795,0.9532129764556885,-0.21505799889564514,0,-0.1291780024766922,0.1907539963722229,0.973101019859314,0,0,6.531799793243408,0,1,0.9643229842185974,-0.2229280024766922,0.14277499914169312,0,0.2587589919567108,0.907634973526001,-0.3305180072784424,0,-0.05590600147843361,0.3556700050830841,0.9329379796981812,0,0,7.500999927520752,0,1,0.9962360262870789,0.05753500014543533,-0.06483499705791473,0,0.0454539991915226,0.29013699293136597,0.955905020236969,0,0.07380899786949158,-0.9552540183067322,0.2864300012588501,0,0,18.109600067138672,0,1,0.9950940012931824,0.07849100232124329,0.06021999940276146,0,-0.07849100232124329,0.25586000084877014,0.9635220170021057,0,0.06021999940276146,-0.9635220170021057,0.26076599955558777,0,0,4.184000015258789,0,1,0.9970840215682983,0.067392997443676,0.03579200059175491,0,-0.067392997443676,0.5577210187911987,0.8272879719734192,0,0.03579099848866463,-0.8272879719734192,0.5606369972229004,0,0,3.8320000171661377,0,1,-0.9878969788551331,-0.11431100219488144,0.10484900325536728,0,0.1323930025100708,-0.2691839933395386,0.953944981098175,0,-0.08082299679517746,0.9562810063362122,0.28106001019477844,0,13.025899887084961,-7.138299942016602,0.8583999872207642,1,0.995415985584259,0.0656379982829094,-0.06955400109291077,0,0.006696000229567289,-0.7733359932899475,-0.633961021900177,0,-0.09540099650621414,0.63059002161026,-0.7702310085296631,0,0,35.90399932861328,0,1,0.9998610019683838,-0.014120000414550304,0.00890399981290102,0,0.00609100004658103,0.8052350282669067,0.5929239988327026,0,-0.015541999600827694,-0.5927870273590088,0.8052089810371399,0,0,40.588401794433594,0,1,1,0.0000019999999949504854,0,0,0,0.7018889784812927,0.7122870087623596,0,0,-0.7122870087623596,0.7018889784812927,0,0,24,0,1,-0.9727299809455872,-0.2156980037689209,-0.08527199923992157,0,0.09427600353956223,-0.703594982624054,0.7043200135231018,0,-0.2119169980287552,0.6770740151405334,0.7047430276870728,0,-13.025899887084961,-7.138199806213379,0.8583999872207642,1,0.9996960163116455,0.018648000434041023,-0.016155000776052475,0,-0.021145999431610107,0.31028300523757935,-0.9504089951515198,0,-0.012710999697446823,0.9504609704017639,0.3105829954147339,0,0,35.90399932861328,0,1,0.9896759986877441,-0.13478800654411316,-0.04871800169348717,0,0.06244000047445297,0.09952200204133987,0.9930739998817444,0,-0.12900599837303162,-0.985863983631134,0.10691100358963013,0,0,40.588401794433594,0,1,0.9999970197677612,0.0017969999462366104,-0.0018840000266209245,0,0.000009000000318337698,0.7214329838752747,0.6924840211868286,0,0.0026030000299215317,-0.6924809813499451,0.7214310169219971,0,0,24,0,1
K0.033,0.9990649819374084,-0.034672144800424576,0.025838160887360573,0,0.02992212399840355,0.9857119917869568,0.16575807332992554,0,-0.03121701069176197,-0.16483010351657867,0.9858279824256897,0,1.0265244245529175,85.27405548095703,-1.1818902492523193,1,0.9919779300689697,0.06926999986171722,-0.10573871433734894,0,-0.04781791567802429,0.9799590706825256,0.19337671995162964,0,0.11701551824808121,-0.18676885962486267,0.9754099249839783,0,0,14.65250015258789,0.4325000047683716,1,0.9988939762115479,0.005021946970373392,-0.046752266585826874,0,-0.0018229370471090078,0.997668981552124,0.06821588426828384,0,0.04698626324534416,-0.0680558905005455,0.9965749979019165,0,0,10.372599601745605,0,1,0.9988729953765869,0.0002479511604178697,-0.047470271587371826,0,0.002795057138428092,0.9979439973831177,0.06402686983346939,0,0.04738827049732208,-0.064087875187397,0.996819019317627,0,0,10.089500427246094,0,1,0.9994509816169739,0.000452775158919394,0.033114105463027954,0,0.0015392249915748835,0.9981909990310669,-0.06009586155414581,0,-0.033081091940402985,0.060113873332738876,0.997642993927002,0,0,31.684999465942383,0.24639999866485596,1,0.9893998503684998,-0.039606351405382156,0.1397099494934082,0,0.07437246292829514,0.964536190032959,-0.25325438380241394,0,-0.1247251108288765,0.26096028089523315,0.9572579264640808,0,0,11.408900260925293,1.9208999872207642,1,0.12679855525493622,-0.040534984320402145,-0.9911000728607178,0,0.7160853147506714,-0.6876667141914368,0.11973868310451508,0,-0.6863997578620911,-0.7248942255973816,-0.058168672025203705,0,10.9128999710083,26.73270034790039,-2.7056000232696533,1,0.9316973686218262,-0.20641767978668213,-0.29888322949409485,0,0.3047720193862915,0.8919138312339783,0.3340712785720825,0,0.1976199895143509,-0.4023449420928955,0.8939047455787659,0,0,16.608800888061523,0,1,0.2042437195777893,0.9789198040962219,0,0,-0.9789198040962219,0.2042437195777893,0,0,0,0,1,0,0,32.327598571777344,0,1,0.9897489547729492,0.14229816198349,0.0121535649523139,0,-0.13946504890918732,0.9813449382781982,-0.13233350217342377,0,-0.03075765073299408,0.1292814165353775,0.9911308884620667,0,0,28.022199630737305,0,1,0.9124370217323303,0.40706101059913635,0.041958998888731,0,-0.36808499693870544,0.7715950012207031,0.5188019871711731,0,0.17880800366401672,-0.4888179898262024,0.8538640141487122,0,-3.8598999977111816,6.27400016784668,3.206399917602539,1,0.8422098159790039,-0.5191953778266907,-0.14532476663589478,0,0.4935113489627838,0.8509177565574646,-0.17995798587799072,0,0.217092826962471,0.07984302937984467,0.9728800654411316,0,0,6.531899929046631,0,1,0.7839979529380798,0.4657120108604431,-0.4104391634464264,0,-0.5666270852088928,0.8069259524345398,-0.16674703359603882,0,0.25353705883026123,0.3632951080799103,0.8965129256248474,0,0,7.500800132751465,0,1,0.9810940027236938,-0.09254801273345947,-0.16997109353542328,0,0.16311503946781158,-0.0772453099489212,0.9835789203643799,0,-0.10415807366371155,-0.9927069544792175,-0.06068829447031021,0,0,18.109699249267578,0,1,0.9929620027542114,-0.09648498892784119,-0.0686749815940857,0,0.09648498892784119,0.3228171169757843,0.9415309429168701,0,-0.0686739832162857,-0.9415309429168701,0.3298541307449341,0,0,4.183700084686279,0,1,0.990477979183197,-0.10158500075340271,-0.09292098879814148,0,0.10158500075340271,0.08372312039136887,0.9912980198860168,0,-0.09292098879814148,-0.9912980198860168,0.09324511885643005,0,0,3.831899881362915,0,1,0.10302635282278061,0.04013495892286301,0.9938689470291138,0,-0.7181294560432434,-0.6883584260940552,0.10224027931690216,0,0.6882414221763611,-0.7242595553398132,-0.04209617152810097,0,-10.9128999710083,26.732999801635742,-2.7056000232696533,1,0.7705327868461609,-0.6371251940727234,-0.018739750608801842,0,0.6372412443161011,0.7693488001823425,0.045008741319179535,0,-0.0142592778429389,-0.046622298657894135,0.9988109469413757,0,0,16.608600616455078,0,1,0.2380952388048172,-0.9712419509887695,0,0,0.9712419509887695,0.2380952388048172,0,0,0,0,1,0,0,32.327598571777344,0,1,0.9460887312889099,-0.31169289350509644,0.0881078690290451,0,0.32323580980300903,0.8910297155380249,-0.3187229633331299,0,0.020837415009737015,0.33001989126205444,0.9437440037727356,0,0,28.022199630737305,0,1,0.8842960000038147,-0.4482620060443878,0.13069500029087067,0,0.352851003408432,0.8248599767684937,0.44170400500297546,0,-0.3058040142059326,-0.3444809913635254,0.8875899910926819,0,3.8598999977111816,6.27400016784668,3.2070000171661377,1,0.9691299200057983,0.2449871301651001,0.027736380696296692,0,-0.23804022371768951,0.9590380787849426,-0.15356917679309845,0,-0.06422320753335953,0.14222535490989685,0.9877481460571289,0,0,6.531799793243408,0,1,0.9656969904899597,-0.2352660745382309,0.10990579426288605,0,0.25761300325393677,0.9211890697479248,-0.2916267514228821,0,-0.03263485059142113,0.30993568897247314,0.9501971006393433,0,0,7.500999927520752,0,1,0.9960870146751404,0.06561897695064545,-0.05920996144413948,0,0.040159936994314194,0.2607433795928955,0.9645729064941406,0,0.07873298227787018,-0.963175892829895,0.257087379693985,0,0,18.109600067138672,0,1,0.9951199889183044,0.07840599119663239,0.05990298464894295,0,-0.07840599119663239,0.2597702145576477,0.9624819159507751,0,0.05990298464894295,-0.9624819159507751,0.2646501958370209,0,0,4.184000015258789,0,1,0.9971060156822205,0.06720899045467377,0.03551998361945152,0,-0.06720899045467377,0.5610761642456055,0.8250308632850647,0,0.03551998361945152,-0.8250308632850647,0.5639691948890686,0,0,3.8320000171661377,0,1,-0.9956240653991699,-0.035843510180711746,0.08629719167947769,0,0.08954115957021713,-0.10182340443134308,0.9907640814781189,0,-0.026724599301815033,0.9941560626029968,0.1045873761177063,0,13.025899887084961,-7.138299942016602,0.8583999872207642,1,0.999472975730896,0.022517018020153046,-0.023379823192954063,0,-0.0005709170363843441,-0.707969069480896,-0.7062425017356873,0,-0.03245491534471512,0.7058835029602051,-0.7075830698013306,0,0,35.90399932861328,0,1,0.9996320009231567,0.02616550773382187,0.007184943184256554,0,-0.02398262917995453,0.7281158566474915,0.6850340366363525,0,0.012692682445049286,-0.6849539875984192,0.7284758687019348,0,0,40.588401794433594,0,1,1,0.0000019999999949504854,0,0,0,0.7331631183624268,0.6800528764724731,0,0,-0.6800528764724731,0.7331631183624268,0,0,24,0,1,-0.9810150265693665,-0.13528785109519958,-0.13894860446453094,0,0.06208031624555588,-0.8978519439697266,0.43589699268341064,0,-0.1837271749973297,0.4189961552619934,0.8892048597335815,0,-13.025899887084961,-7.138199806213379,0.8583999872207642,1,0.9982650279998779,0.025257373228669167,0.05318828672170639,0,0.0371444895863533,0.4307723045349121,-0.9016954302787781,0,-0.04568680748343468,0.902106523513794,0.429086297750473,0,0,35.90399932861328,0,1,0.9932950735092163,-0.10459072142839432,-0.04924924299120903,0,0.0423223040997982,-0.06744042783975601,0.9968249797821045,0,-0.10757968574762344,-0.9922260642051697,-0.06256149709224701,0,0,40.588401794433594,0,1,0.9999970197677612,0.0017259827582165599,-0.0018229817505925894,0,0.000007999919944268186,0.7240268588066101,0.6897709965705872,0,0.0025099748745560646,-0.6897690296173096,0.7240248918533325,0,0,24,0,1
K0.067,0.9978190064430237,0.05107114836573601,0.04182983934879303,0,-0.057585131376981735,0.9831960201263428,0.17322993278503418,0,-0.032278988510370255,-0.17526090145111084,0.9839929938316345,0,0.6681025624275208,87.83568572998047,-0.20081974565982819,1,0.983724057674408,-0.03071000799536705,-0.1770382821559906,0,0.060419924557209015,0.9844479560852051,0.16496028006076813,0,0.1692194789648056,-0.17297212779521942,0.9702810645103455,0,0,14.65250015258789,0.4325000047683716,1,0.997285008430481,-0.0002829472650773823,-0.07363872975111008,0,0.004465937614440918,0.9983839988708496,0.056656114757061005,0,0.07350374013185501,-0.05683111026883125,0.9956740140914917,0,0,10.372599601745605,0,1,0.9971870183944702,-0.0046339514665305614,-0.07481072843074799,0,0.008485943078994751,0.9986500144004822,0.051249127835035324,0,0.07447273284196854,-0.051740121096372604,0.9958800077438354,0,0,10.089500427246094,0,1,0.9988080263137817,-0.022015776485204697,0.043554894626140594,0,0.024032777175307274,0.99863600730896,-0.046350136399269104,0,-0.042474906891584396,0.047342125326395035,0.9979749917984009,0,0,31.684999465942383,0.24639999866485596,1,0.9716981649398804,0.02512635663151741,0.23488406836986542,0,0.020755533128976822,0.9813998341560364,-0.19084963202476501,0,-0.235309898853302,0.19032369554042816,0.9531030654907227,0,0,11.408900260925293,1.9208999872207642,1,0.08267343789339066,-0.03888501599431038,-0.9958179593086243,0,0.7459737062454224,-0.6601743102073669,0.08771032094955444,0,-0.6608232259750366,-0.7501057386398315,-0.025571323931217194,0,10.9128999710083,26.73270034790039,-2.7056000232696533,1,0.8651516437530518,-0.27430230379104614,-0.4198468029499054,0,0.4046580195426941,0.8763391971588135,0.2613067030906677,0,0.2962510287761688,-0.3959640562534332,0.869164228439331,0,0,16.608800888061523,0,1,0.27596428990364075,0.9611681699752808,0,0,-0.9611681699752808,0.27596428990364075,0,0,0,0,1,0,0,32.327598571777344,0,1,0.9850160479545593,0.1582048386335373,0.06865744292736053,0,-0.14344695210456848,0.9725780487060547,-0.18307049572467804,0,-0.09573735296726227,0.17047859728336334,0.9806991219520569,0,0,28.022199630737305,0,1,0.9124370217323303,0.40706101059913635,0.041958998888731,0,-0.36808499693870544,0.7715950012207031,0.5188019871711731,0,0.1788090020418167,-0.4888179898262024,0.8538640141487122,0,-3.8598999977111816,6.27400016784668,3.206399917602539,1,0.8239081501960754,-0.5535896420478821,-0.12130223959684372,0,0.5305506587028503,0.8286882638931274,-0.17830301821231842,0,0.1992281824350357,0.08254896849393845,0.9764699339866638,0,0,6.531899929046631,0,1,0.7754910588264465,0.46674400568008423,-0.42516183853149414,0,-0.5750219225883484,0.8002020716667175,-0.1703699678182602,0,0.2606959342956543,0.37659788131713867,0.8889380693435669,0,0,7.500800132751465,0,1,0.9794920086860657,-0.0938509851694107,-0.178292915225029,0,0.16798295080661774,-0.1082426980137825,0.9798290729522705,0,-0.1112559363245964,-0.98968505859375,-0.09025771170854568,0,0,18.109699249267578,0,1,0.9930809736251831,-0.09608101099729538,-0.06751801818609238,0,0.09608101099729538,0.3342238664627075,0.9375840425491333,0,-0.06751801818609238,-0.9375840425491333,0.3411428928375244,0,0,4.183700084686279,0,1,0.9906030297279358,-0.10147500038146973,-0.09170201420783997,0,0.10147500038146973,0.09575088322162628,0.9902200102806091,0,-0.09170201420783997,-0.990218997001648,0.10514788329601288,0,0,3.831899881362915,0,1,0.13823965191841125,0.03602104261517525,0.9897440671920776,0,-0.7668865323066711,-0.6284806132316589,0.1299857199192047,0,0.6267175674438477,-0.7769904732704163,-0.05925682932138443,0,-10.9128999710083,26.732999801635742,-2.7056000232696533,1,0.7495831847190857,-0.6552368402481079,-0.09375125169754028,0,0.6593767404556274,0.7515661716461182,0.019243255257606506,0,0.05785128474235535,-0.07624170184135437,0.9954100847244263,0,0,16.608600616455078,0,1,0.26147276163101196,-0.965211033821106,0,0,0.965211033821106,0.26147276163101196,0,0,0,0,1,0,0,32.327598571777344,0,1,0.913334310054779,-0.40036410093307495,0.07436013221740723,0,0.4023972153663635,0.859363317489624,-0.31554901599884033,0,0.06243158504366875,0.31812411546707153,0.9459909796714783,0,0,28.022199630737305,0,1,0.8842970132827759,-0.4482620060443878,0.13069500029087067,0,0.352851003408432,0.8248599767684937,0.44170400500297546,0,-0.3058040142059326,-0.3444809913635254,0.8875899910926819,0,3.8598999977111816,6.27400016784668,3.2070000171661377,1,0.9655150771141052,0.25811588764190674,-0.03402438387274742,0,-0.25995180010795593,0.9629859328269958,-0.0712968185544014,0,0.014362218789756298,0.07768264412879944,0.9968748688697815,0,0,6.531799793243408,0,1,0.9658730030059814,-0.2432689219713211,0.08893720805644989,0,0.25840499997138977,0.928585946559906,-0.26637324690818787,0,-0.017786147072911263,0.28026530146598816,0.9597578644752502,0,0,7.500999927520752,0,1,0.9964320063591003,0.0636800229549408,-0.05538703873753548,0,0.033933062106370926,0.29860761761665344,0.9537721276283264,0,0.07727501541376114,-0.9522491097450256,0.2953816056251526,0,0,18.109600067138672,0,1,0.9952549934387207,0.07794100791215897,0.05825101584196091,0,-0.07794100791215897,0.2801917791366577,0.9567750692367554,0,0.05825101584196091,-0.9567750692367554,0.284936785697937,0,0,4.184000015258789,0,1,0.9972209930419922,0.06622800976037979,0.03411001339554787,0,-0.06622800976037979,0.5785048007965088,0.8129861354827881,0,0.03411001339554787,-0.8129861354827881,0.5812838077545166,0,0,3.8320000171661377,0,1,-0.9998959302902222,0.013091513887047768,0.006037797778844833,0,0.005482835229486227,-0.04201759770512581,0.9991019368171692,0,0.01333360094577074,0.9990309476852417,0.04194162040948868,0,13.025899887084961,-7.138299942016602,0.8583999872207642,1,0.9996849894523621,0.024447981268167496,-0.0057571749202907085,0,0.007715917658060789,-0.5170589089393616,-0.8559145331382751,0,-0.023902086541056633,0.8556005358695984,-0.5170848965644836,0,0,35.90399932861328,0,1,0.9997329711914062,-0.02306750975549221,0.001515056355856359,0,0.013062631711363792,0.6177870631217957,0.7862370014190674,0,-0.01907268539071083,-0.7860069870948792,0.6179230809211731,0,0,40.588401794433594,0,1,1,0.0000019999999949504854,0,0,0,0.7428798675537109,0.6694251298904419,0,0,-0.6694251298904419,0.7428798675537109,0,0,24,0,1,-0.9795950055122375,-0.021002136170864105,-0.19987939298152924,0,-0.006558317691087723,-0.9906541109085083,0.13623598217964172,0,-0.20087383687496185,0.1347678303718567,0.970302164554596,0,-13.025899887084961,-7.138199806213379,0.8583999872207642,1,0.9959530234336853,-0.03719837963581085,0.08181972056627274,0,0.08598751574754715,0.6593027114868164,-0.7469435334205627,0,-0.026159193366765976,0.7509554624557495,0.6598337292671204,0,0,35.90399932861328,0,1,0.9966999292373657,-0.07679327577352524,0.02630924992263317,0,-0.02718430943787098,-0.010370567440986633,0.999576985836029,0,-0.07648830860853195,-0.9969929456710815,-0.012424497865140438,0,0,40.588401794433594,0,1,1,0,0,0,0,0.6129761338233948,0.7901009917259216,0,0,-0.7901009917259216,0.6129761338233948,0,0,24,0,1
K0.100,0.9862130284309387,0.16075800359249115,0.03925799950957298,0,-0.1652110069990158,0.9700509905815125,0.17806300520896912,0,-0.009457000531256199,-0.18209399282932281,0.9832360148429871,0,0.024835027754306793,89.89936065673828,0.4371269643306732,1,0.9599419832229614,-0.16216899454593658,-0.22850100696086884,0,0.19671499729156494,0.9707810282707214,0.1374340057373047,0,0.199536994099617,-0.17687800526618958,0.9637939929962158,0,0,14.65250015258789,0.4325000047683716,1,0.9963210225105286,-0.007178999483585358,-0.08540000021457672,0,0.011133000254631042,0.9988840222358704,0.04590899869799614,0,0.0849749967455864,-0.04669100046157837,0.9952890276908875,0,0,10.372599601745605,0,1,0.996159017086029,-0.011784999631345272,-0.08676300197839737,0,0.015207000076770782,0.999127984046936,0.03888799995183945,0,0.08622899651527405,-0.04005799815058708,0.9954699873924255,0,0,10.089500427246094,0,1,0.9984400272369385,0.0015469989739358425,0.05580899864435196,0,0.0010620011016726494,0.9989089965820312,-0.04667900130152702,0,-0.05581999942660332,0.0466650016605854,0.9973499774932861,0,0,31.684999465942383,0.24639999866485596,1,0.9520699977874756,0.04764899984002113,0.30214500427246094,0,-0.005716998595744371,0.9903920292854309,-0.1381720006465912,0,-0.30582600831985474,0.1298220008611679,0.9431949853897095,0,0,11.408900260925293,1.9208999872207642,1,0.041873998939991,-0.03860300034284592,-0.9983770251274109,0,0.7788280248641968,-0.62465900182724,0.056818000972270966,0,-0.6258379817008972,-0.7799429893493652,0.0039079985581338406,0,10.9128999710083,26.73270034790039,-2.7056000232696533,1,0.7934240102767944,-0.32250601053237915,-0.5162050127983093,0,0.4664030075073242,0.8670539855957031,0.17517299950122833,0,0.3910830020904541,-0.3797470033168793,0.838358998298645,0,0,16.608800888061523,0,1,0.2948729991912842,0.9555370211601257,0,0,-0.9555370211601257,0.2948729991912842,0,0,0,0,1,0,0,32.327598571777344,0,1,0.9788050055503845,0.19093799591064453,0.07404600083827972,0,-0.17436900734901428,0.9666370153427124,-0.1876389980316162,0,-0.10740300267934799,0.17075100541114807,0.9794430136680603,0,0,28.022199630737305,0,1,0.9124370217323303,0.40706101059913635,0.041958998888731,0,-0.36808499693870544,0.7715950012207031,0.5188019871711731,0,0.1788090020418167,-0.4888179898262024,0.8538640141487122,0,-3.8598999977111816,6.27400016784668,3.206399917602539,1,0.8026859760284424,-0.5884069800376892,-0.09732399880886078,0,0.5674710273742676,0.8037189841270447,-0.1789190024137497,0,0.18349899351596832,0.08838699758052826,0.9790380001068115,0,0,6.531899929046631,0,1,0.7453969717025757,0.48210999369621277,-0.4603840112686157,0,-0.6067090034484863,0.7767789959907532,-0.16887299716472626,0,0.276201993227005,0.40519699454307556,0.8715090155601501,0,0,7.500800132751465,0,1,0.9772830009460449,-0.09463399648666382,-0.1896349936723709,0,0.17412400245666504,-0.15157699584960938,0.9729880094528198,0,-0.1208219975233078,-0.983905017375946,-0.1316560059785843,0,0,18.109699249267578,0,1,0.9931079745292664,-0.09598600119352341,-0.06725200265645981,0,0.09598600119352341,0.3368400037288666,0.9366559982299805,0,-0.06725200265645981,-0.9366559982299805,0.34373199939727783,0,0,4.183700084686279,0,1,0.9906309843063354,-0.10144700109958649,-0.09142100065946579,0,0.10144700109958649,0.09851499646902084,0.9899510145187378,0,-0.09142100065946579,-0.9899510145187378,0.10788299888372421,0,0,3.831899881362915,0,1,0.11894699931144714,0.03386799991130829,0.9923229813575745,0,-0.804298996925354,-0.5827329754829407,0.11629699915647507,0,0.582198977470398,-0.8119570016860962,-0.04207399860024452,0,-10.9128999710083,26.732999801635742,-2.7056000232696533,1,0.7584139704704285,-0.6446030139923096,-0.09641099721193314,0,0.6469119787216187,0.7625089883804321,-0.00920999888330698,0,0.07945100218057632,-0.05538399890065193,0.9952989816665649,0,0,16.608600616455078,0,1,0.18977999687194824,-0.9818270206451416,0,0,0.9818270206451416,0.18977999687194824,0,0,0,0,1,0,0,32.327598571777344,0,1,0.9431419968605042,-0.32858800888061523,0.05012800171971321,0,0.324088990688324,0.8755829930305481,-0.3582189977169037,0,0.07381600141525269,0.35409700870513916,0.9322909712791443,0,0,28.022199630737305,0,1,0.8842960000038147,-0.4482620060443878,0.13069500029087067,0,0.352851003408432,0.8248599767684937,0.44170400500297546,0,-0.3058040142059326,-0.3444809913635254,0.8875899910926819,0,3.8598999977111816,6.27400016784668,3.2070000171661377,1,0.959659993648529,0.26895999908447266,-0.08193100243806839,0,-0.2697159945964813,0.9629380106925964,0.0019069967092946172,0,0.07940799742937088,0.020268002524971962,0.9966359734535217,0,0,6.531799793243408,0,1,0.965939998626709,-0.2453249990940094,0.08230999857187271,0,0.25842800736427307,0.9308009743690491,-0.2585040032863617,0,-0.01319700013846159,0.27097100019454956,0.9624969959259033,0,0,7.500999927520752,0,1,0.996757984161377,0.05834899842739105,-0.05539499968290329,0,0.03229999914765358,0.3403890132904053,0.9397299885749817,0,0.07368800044059753,-0.9384729862213135,0.33740100264549255,0,0,18.109600067138672,0,1,0.9953659772872925,0.07752899825572968,0.05688900128006935,0,-0.07752899825572968,0.29701900482177734,0.9517189860343933,0,0.05688900128006935,-0.9517189860343933,0.3016529977321625,0,0,4.184000015258789,0,1,0.997314989566803,0.06539200246334076,0.03295699879527092,0,-0.06539200246334076,0.5927500128746033,0.802727997303009,0,0.03295699879527092,-0.802727997303009,0.5954350233078003,0,0,3.8320000171661377,0,1,-0.9900689721107483,0.06755000352859497,-0.12328999489545822,0,-0.12709100544452667,-0.05518899857997894,0.9903540015220642,0,0.060093995183706284,0.9961879849433899,0.06322599947452545,0,13.025899887084961,-7.138299942016602,0.8583999872207642,1,0.9885450005531311,0.1503780037164688,-0.012833000160753727,0,0.019871000200510025,-0.21396800875663757,-0.9766389727592468,0,-0.1496109962463379,0.9651960134506226,-0.21450501680374146,0,0,35.90399932861328,0,1,0.9987779855728149,-0.04832800105214119,-0.010333999060094357,0,0.03398599848151207,0.5198519825935364,0.8535799980163574,0,-0.03587999939918518,-0.8528879880905151,0.5208590030670166,0,0,40.588401794433594,0,1,1,0.0000019999999949504854,0,0,0,0.7285959720611572,0.6849439740180969,0,0,-0.6849439740180969,0.7285959720611572,0,0,24,0,1,-0.9565610289573669,0.12278199195861816,-0.26441600918769836,0,-0.12916100025177002,-0.991599977016449,0.006804005708545446,0,-0.26135900616645813,0.04066000506281853,0.9643849730491638,0,-13.025899887084961,-7.138199806213379,0.8583999872207642,1,0.9935240149497986,-0.08257299661636353,0.07804500311613083,0,0.11349000036716461,0.6885520219802856,-0.7162520289421082,0,0.0054049985483288765,0.7204710245132446,0.6934639811515808,0,0,35.90399932861328,0,1,0.9921630024909973,-0.01634100265800953,0.12388098984956741,0,-0.11381798982620239,0.29093900322914124,0.9499469995498657,0,-0.05156499892473221,-0.9566019773483276,0.28679901361465454,0,0,40.588401794433594,0,1,1,0.0000019999999949504854,0,0,0,0.116767019033432,0.9931589961051941,0,0.0000019999999949504854,-0.9931589961051941,0.116767019033432,0,0,24,0,1
