11.267,30,338,41
B0,mixamorig_Hips,-1,0.9807124733924866,-0.012646174989640713,0.19504496455192566,0,0.005883513949811459,0.9993624687194824,0.035209376364946365,0,-0.195365771651268,-0.03338279202580452,0.9801616072654724,0,0.016626810654997826,1.5840413570404053,-0.017305981367826462,1
B1,mixamorig_Spine,0,0.9993979930877686,0.01172675285488367,-0.03264231979846954,0,-0.005727467592805624,0.9839863777160645,0.17814397811889648,0,0.0342089906334877,-0.1778499335050583,0.9834613800048828,0,0,0.2212029993534088,-0.0008670000243000686,1
B2,mixamorig_Spine1,1,0.997532308101654,0.016636883839964867,-0.06821408867835999,0,-0.010208535939455032,0.9955606460571289,0.09352044761180878,0,0.06946644186973572,-0.09259328991174698,0.9932736158370972,0,0,0.25807198882102966,0,1
B3,mixamorig_Spine2,2,0.9975329041481018,0.016631588339805603,-0.06820248812437057,0,-0.02424819953739643,0.9933602809906006,-0.11242316663265228,0,0.06587974727153778,0.11379901319742203,0.9913126230239868,0,0,0.2949390113353729,0,1
B4,mixamorig_Neck,3,0.9923949837684631,-0.12055119127035141,-0.024895617738366127,0,0.11538790166378021,0.9814633131027222,-0.15297746658325195,0,0.042875710874795914,0.1489410102367401,0.9879088997840881,0,0,0.3318060040473938,0,1
B5,mixamorig_Head,4,0.9952338933944702,0.09749943017959595,-0.0011602059239521623,0,-0.09715401381254196,0.9925827383995056,0.07305753976106644,0,0.008275305852293968,-0.07259675860404968,0.9973267912864685,0,0,0.062428999692201614,0.005843999795615673,1
B6,mixamorig_HeadTop_End,5,1,0,0,0,0,1,0,0,0,0,1,0,0,0.5153120160102844,0.04823499917984009,1
B7,mixamorig_LeftShoulder,3,0.21506135165691376,-0.06154502555727959,-0.9746269583702087,0,0.8331618905067444,-0.5090451836585999,0.2159850150346756,0,-0.509432315826416,-0.8585318922996521,-0.05821838974952698,0,0.10847699642181396,0.27241700887680054,0.00020900000527035445,1
B8,mixamorig_LeftArm,7,0.9955253005027771,-0.09416212886571884,0.007611523382365704,0,0.060260139405727386,0.6949666142463684,0.7165042757987976,0,-0.07275288552045822,-0.7128403186798096,0.6975350379943848,0,0,0.2639169991016388,0,1
B9,mixamorig_LeftForeArm,8,0.955426037311554,0.2922557592391968,0.04176696017384529,0,-0.2923612892627716,0.9563003182411194,-0.0037069483660161495,0,-0.04102456197142601,-0.008670204319059849,0.999119758605957,0,0,0.3971010148525238,0,1
B10,mixamorig_LeftHand,9,0.9995517730712891,-0.029687436297535896,-0.0037253035698086023,0,0.029835596680641174,0.9983360171318054,0.049339279532432556,0,0.0022536837495863438,-0.04942825809121132,0.9987748861312866,0,0,0.38970398902893066,0,1
B11,mixamorig_LeftHandThumb1,10,0.8032267689704895,0.5186983346939087,-0.2928789556026459,0,-0.4663446247577667,0.8534799218177795,0.23258310556411743,0,0.3706071078777313,-0.050234079360961914,0.927430272102356,0,-0.04462200030684471,0.07789500057697296,0,1
B12,mixamorig_LeftHandThumb2,11,0.9327337145805359,-0.33084729313850403,0.1433444768190384,0,0.29962819814682007,0.9323641061782837,0.20228604972362518,0,-0.20057502388954163,-0.1457287222146988,0.9687786102294922,0,-0.0046179997734725475,0.07166799902915955,0,1
B13,mixamorig_LeftHandThumb3,12,0.9995037317276001,0.023225223645567894,0.021179208531975746,0,-0.024187801405787468,0.9986299872398376,0.04636188969016075,0,-0.02007438801229,-0.046851128339767456,0.9986999034881592,0,-0.0023380001075565815,0.06256800144910812,0,1
B14,mixamorig_LeftHandThumb4,13,1,0,0,0,0,1,0,0,0,0,1,0,0.006955999881029129,0.03727100044488907,0,1
B15,mixamorig_LeftHandIndex1,10,0.99720299243927,0.07472900301218033,0.0013396728318184614,0,-0.0746610015630722,0.99515300989151,0.06399533152580261,0,0.0034489999525249004,-0.06391632556915283,0.9979490041732788,0,0,0.15892399847507477,-0.0007740000146441162,1
B16,mixamorig_LeftHandIndex2,15,0.9999709725379944,0.00710600009188056,-0.0028210000600665808,0,-0.005932000000029802,0.9539243578910828,0.29998868703842163,0,0.00482300017029047,-0.2999626696109772,0.9539390206336975,0,0.00014899999951012433,0.07028000056743622,0,1
B17,mixamorig_LeftHandIndex3,16,0.9999909996986389,0.004279999993741512,-0.000053000014304416254,0,-0.004230326972901821,0.9900739789009094,0.14048099517822266,0,0.0006539999740198255,-0.14047999680042267,0.9900829792022705,0,-0.00005500000042957254,0.05862899869680405,0,1
B18,mixamorig_LeftHandIndex4,17,1,0,0,0,0,1,0,0,0,0,1,0,-0.0000940000027185306,0.045451998710632324,0,1
B19,mixamorig_RightShoulder,3,0.17799416184425354,0.06496808677911758,0.9818627238273621,0,-0.8293240070343018,-0.5271342396736145,0.18521656095981598,0,0.5296154618263245,-0.8472902178764343,-0.03996302932500839,0,-0.10847699642181396,0.2724199891090393,-0.000674000009894371,1
B20,mixamorig_RightArm,19,0.9853991270065308,0.056121598929166794,0.16071200370788574,0,-0.15031373500823975,0.7299405932426453,0.6667683720588684,0,-0.079895980656147,-0.6811985373497009,0.7277202606201172,0,0,0.2639169991016388,0,1
B21,mixamorig_RightForeArm,20,0.9034629464149475,-0.422703355550766,-0.07116980850696564,0,0.4172375798225403,0.9052610993385315,-0.08001664280891418,0,0.09825456142425537,0.04259057715535164,0.9942458868026733,0,0,0.3974829912185669,0,1
B22,mixamorig_RightHand,21,0.9893168210983276,0.02606400102376938,0.14343076944351196,0,-0.012212753295898438,0.9952462315559387,-0.09660929441452026,0,-0.1452670842409134,0.09382548928260803,0.984932005405426,0,0,0.3896290063858032,0,1
B23,mixamorig_RightHandThumb1,22,0.8356502652168274,-0.4539930820465088,0.30915865302085876,0,0.4126977026462555,0.890399158000946,0.19201605021953583,0,-0.36244767904281616,-0.03286900371313095,0.9314242601394653,0,0.04728500172495842,0.08196800202131271,0,1
B24,mixamorig_RightHandThumb2,23,0.9504246115684509,0.2797182500362396,-0.13583159446716309,0,-0.24661415815353394,0.944124162197113,0.2186565399169922,0,0.18940405547618866,-0.1743188053369522,0.966301679611206,0,0.010711000300943851,0.0749410018324852,0,1
B25,mixamorig_RightHandThumb3,24,0.9510287642478943,-0.3037372827529907,-0.05730495974421501,0,0.30598366260528564,0.951374351978302,0.03545483574271202,0,0.0437505804002285,-0.05125311389565468,0.9977269172668457,0,0.003932000137865543,0.05893800035119057,0,1
B26,mixamorig_RightHandThumb4,25,1,0,0,0,0,1,0,0,0,0,1,0,-0.014643000438809395,0.03093400038778782,0,1
B27,mixamorig_RightHandIndex1,22,0.9967420101165771,-0.08061899989843369,0.0024016727693378925,0,0.08028499782085419,0.9945769906044006,0.06611166894435883,0,-0.007718672975897789,-0.06570367515087128,0.9978089928627014,0,0,0.16352200508117676,-0.000035000000934815034,1
B28,mixamorig_RightHandIndex2,27,0.9997469782829285,-0.02247767150402069,-0.0007450000266544521,0,0.021669672802090645,0.9538909792900085,0.29937100410461426,0,-0.006018000189214945,-0.2993110120296478,0.9541370272636414,0,-0.0002789999998640269,0.068511001765728,0,1
B29,mixamorig_RightHandIndex3,28,0.999987006187439,0.004559672903269529,0.0020746728405356407,0,-0.0048050000332295895,0.9901120066642761,0.14020000398159027,0,-0.0014149999478831887,-0.14020800590515137,0.9901210069656372,0,-0.00017299999308306724,0.05902500078082085,0,1
B30,mixamorig_RightHandIndex4,29,1,0,0,0,0,1,0,0,0,0,1,0,0.000450999999884516,0.03999900072813034,0,1
B31,mixamorig_LeftUpLeg,0,-0.9501518607139587,-0.1574743092060089,0.26909586787223816,0,0.22985784709453583,-0.9369209408760071,0.26332131028175354,0,0.21065624058246613,0.3120496869087219,0.9264142513275146,0,0.17693500220775604,-0.12306900322437286,0.010266999714076519,1
B32,mixamorig_LeftLeg,31,0.9959297776222229,0.034073419868946075,0.08344365656375885,0,0.008974242024123669,0.8836787343025208,-0.46797817945480347,0,-0.0896858423948288,0.4668223261833191,0.8797754645347595,0,0,0.7767450213432312,0,1
B33,mixamorig_LeftFoot,32,0.9884811639785767,-0.1512819081544876,0.00425038393586874,0,0.06116846203804016,0.4250469207763672,0.9030982851982117,0,-0.13843071460723877,-0.8924357891082764,0.42940425872802734,0,0,0.5908679962158203,0,1
B34,mixamorig_LeftToeBase,33,0.9780551791191101,-0.06633223593235016,0.19750456511974335,0,-0.07549353688955307,0.770714521408081,0.6326919794082642,0,-0.19418740272521973,-0.6337180137634277,0.7487940192222595,0,0,0.2539370059967041,0,1
B35,mixamorig_LeftToe_End,34,1,0,0,0,0,1,0,0,0,0,1,0,0,0.09811300039291382,0,1
B36,mixamorig_RightUpLeg,0,-0.9787119030952454,0.11203999072313309,-0.1719551384449005,0,-0.1431352198123932,-0.9730747938156128,0.18064557015895844,0,-0.14708545804023743,0.20141342282295227,0.9683967232704163,0,-0.17693500220775604,-0.12306900322437286,0.011466999538242817,1
B37,mixamorig_RightLeg,36,0.997186541557312,-0.0366077721118927,-0.0654023215174675,0,0.0007346408674493432,0.8772866129875183,-0.4799337089061737,0,0.07495038211345673,0.47853636741638184,0.8748449683189392,0,0,0.7768210172653198,0,1
B38,mixamorig_RightFoot,37,0.9900859594345093,0.1274643987417221,0.05900982394814491,0,-0.09476637095212936,0.2961167097091675,0.9504345059394836,0,0.1036718562245369,-0.9466040730476379,0.30525973439216614,0,0,0.5911200046539307,0,1
B39,mixamorig_RightToeBase,38,0.9782620072364807,0.07266499847173691,-0.19422367215156555,0,0.07552266865968704,0.7474330067634583,0.6600310206413269,0,0.1931300014257431,-0.6603509783744812,0.7256969809532166,0,0,0.25505000352859497,0,1
B40,mixamorig_RightToe_End,39,1,0,0,0,0,1,0,0,0,0,1,0,0,0.09745799750089645,0,1
@34,0,1,2,3,4,5,7,8,9,10,11,12,13,15,16,17,19,20,21,22,23,24,25,27,28,29,31,32,33,34,36,37,38,39
K0.000,0.9781910181045532,-0.018143000081181526,0.2069150060415268,0,0.009328000247478485,0.9990100264549255,0.0434969998896122,0,-0.20749899744987488,-0.04061900079250336,0.9773920178413391,0,0.004195000045001507,1.5916969776153564,-0.007459999993443489,1,0.9993579983711243,0.01374599989503622,-0.033087000250816345,0,-0.008275000378489494,0.9870619773864746,0.16012699902057648,0,0.034860000014305115,-0.15974999964237213,0.9865419864654541,0,0,0.2212029993534088,-0.0008670000243000686,1,0.9973999857902527,0.019781000912189484,-0.06930100172758102,0,-0.016246000304818153,0.9985560178756714,0.05120600014925003,0,0.07021299749612808,-0.04994700103998184,0.9962810277938843,0,0,0.25807198882102966,0,1,0.9973999857902527,0.019807999953627586,-0.06929299980401993,0,-0.030340999364852905,0.9875379800796509,-0.15443100035190582,0,0.06537099927663803,0.15613199770450592,0.985571026802063,0,0,0.2949390113353729,0,1,0.9919350147247314,-0.12361399829387665,-0.028020000085234642,0,0.12149400264024734,0.9902790188789368,-0.06773100048303604,0,0.03612099960446358,0.0637810006737709,0.9973099827766418,0,0,0.3318060040473938,0,1,0.9914109706878662,0.12988799810409546,0.015289999544620514,0,-0.13077199459075928,0.9861639738082886,0.10188300162553787,0,-0.0018449999624863267,-0.1030070036649704,0.9946789741516113,0,0,0.062428999692201614,0.005843999795615673,1,0.00040600000647827983,-0.02259100042283535,-0.9997450113296509,0,0.8898029923439026,-0.45622000098228455,0.01066999975591898,0,-0.45634499192237854,-0.8895800113677979,0.019915999844670296,0,0.10847699642181396,0.27241700887680054,0.00020900000527035445,1,0.9980490207672119,0.016668999567627907,0.06016699969768524,0,-0.05711200088262558,0.6330580115318298,0.7719950079917908,0,-0.025220999494194984,-0.7739250063896179,0.6327750086784363,0,0,0.2639169991016388,0,1,0.9625880122184753,0.2708970010280609,-0.006202999968081713,0,-0.270891010761261,0.9626079797744751,0.0018629999831318855,0,0.00647599995136261,-0.00011300000187475234,0.9999790191650391,0,0,0.3971010148525238,0,1,0.9994009733200073,-0.00342399999499321,-0.03445100039243698,0,0.0065899998880922794,0.9957180023193359,0.09220799803733826,0,0.033987998962402344,-0.09237899631261826,0.9951440095901489,0,0,0.38970398902893066,0,1,0.7968050241470337,0.5304399728775024,-0.2893719971179962,0,-0.4790239930152893,0.8464360237121582,0.23255500197410583,0,0.3682909905910492,-0.04668499901890755,0.9285380244255066,0,-0.04462200030684471,0.07789500057697296,0,1,0.942188024520874,-0.2996169924736023,0.1500380039215088,0,0.2697429955005646,0.9438250064849854,0.19087299704551697,0,-0.1987989991903305,-0.1393669992685318,0.9700800180435181,0,-0.0046179997734725475,0.07166799902915955,0,1,0.9876729846000671,0.15525400638580322,0.019977999851107597,0,-0.1556590050458908,0.9875959753990173,0.020604999735951424,0,-0.016530999913811684,-0.023460999131202698,0.9995880126953125,0,-0.0023380001075565815,0.06256800144910812,0,1,0.9972130060195923,0.0745989978313446,0.001449999981559813,0,-0.07453799992799759,0.9951620101928711,0.0639989972114563,0,0.0033309999853372574,-0.0639289990067482,0.9979490041732788,0,0,0.15892399847507477,-0.0007740000146441162,1,0.9999719858169556,0.007002000231295824,-0.0027989998925477266,0,-0.005840000230818987,0.9539250135421753,0.2999899983406067,0,0.004770999774336815,-0.2999649941921234,0.9539380073547363,0,0.00014899999951012433,0.07028000056743622,0,1,0.9999909996986389,0.004277000203728676,-0.000052999999752501026,0,-0.004226999823004007,0.9900739789009094,0.14048199355602264,0,0.0006539999740198255,-0.14047999680042267,0.9900829792022705,0,-0.00005500000042957254,0.05862899869680405,0,1,-0.0071829999797046185,0.022717000916600227,0.9997159838676453,0,-0.889805018901825,-0.4563240110874176,0.003976000007241964,0,0.4562849998474121,-0.889523983001709,0.02349100075662136,0,-0.10847699642181396,0.2724199891090393,-0.000674000009894371,1,0.9964460134506226,-0.019262999296188354,0.08200299739837646,0,-0.04531300067901611,0.6980699896812439,0.7145940065383911,0,-0.07100900262594223,-0.7157700061798096,0.6947159767150879,0,0,0.2639169991016388,0,1,0.950543999671936,-0.3104979991912842,0.0075980001129209995,0,0.3104810118675232,0.9505739808082581,0.0033650000113993883,0,-0.008267000317573547,-0.000838999985717237,0.9999650120735168,0,0,0.3974829912185669,0,1,0.9965829849243164,0.029083000496029854,0.07730299979448318,0,-0.02612300030887127,0.9988970160484314,-0.03902899846434593,0,-0.07835300266742706,0.036876000463962555,0.9962430000305176,0,0,0.3896290063858032,0,1,0.830187976360321,-0.4660860002040863,0.3058620095252991,0,0.42582300305366516,0.8842679858207703,0.19169099628925323,0,-0.3598079979419708,-0.02889700047671795,0.932578980922699,0,0.04728500172495842,0.08196800202131271,0,1,0.9579430222511292,0.2484779953956604,-0.143544003367424,0,-0.21658499538898468,0.9542030096054077,0.20636600255966187,0,0.18824699521064758,-0.16659800708293915,0.9678890109062195,0,0.010711000300943851,0.0749410018324852,0,1,0.9027870297431946,-0.4270159900188446,-0.05131800100207329,0,0.4278019964694977,0.90385901927948,0.004904000088572502,0,0.04428999871015549,-0.026381000876426697,0.9986699819564819,0,0.003932000137865543,0.05893800035119057,0,1,0.9967389702796936,-0.08066499978303909,0.002309999894350767,0,0.08033700287342072,0.9945729970932007,0.06610699743032455,0,-0.0076299998909235,-0.06570599973201752,0.9978100061416626,0,0,0.16352200508117676,-0.000035000000934815034,1,0.9997490048408508,-0.022374000400304794,-0.0007660000119358301,0,0.021577000617980957,0.9538909792900085,0.2993769943714142,0,-0.005967000033706427,-0.29931798577308655,0.954135000705719,0,-0.0002789999998640269,0.068511001765728,0,1,0.999987006187439,0.004563000053167343,0.002073999959975481,0,-0.004809000063687563,0.9901109933853149,0.14020000398159027,0,-0.0014140000566840172,-0.14020800590515137,0.9901210069656372,0,-0.00017299999308306724,0.05902500078082085,0,1,-0.9479950070381165,-0.16927999258041382,0.2695370018482208,0,0.23588800430297852,-0.9422109723091125,0.23789900541305542,0,0.21368899941444397,0.28910699486732483,0.9331420063972473,0,0.17693500220775604,-0.12306900322437286,0.010266999714076519,1,0.9961779713630676,0.03269200026988983,0.0809980034828186,0,0.004468000028282404,0.9070299863815308,-0.42104199528694153,0,-0.08723299950361252,0.4197939932346344,0.9034180045127869,0,0,0.7767450213432312,0,1,0.9861869812011719,-0.16424599289894104,0.021407999098300934,0,0.05474400147795677,0.4451960027217865,0.8937579989433289,0,-0.1563269942998886,-0.8802409768104553,0.4480380117893219,0,0,0.5908679962158203,0,1,0.9781500101089478,-0.06617099791765213,0.19708900153636932,0,-0.07499100267887115,0.7718790173530579,0.6313319802284241,0,-0.19390499591827393,-0.6323170065879822,0.7500510215759277,0,0,0.2539370059967041,0,1,-0.9806550145149231,0.10162899643182755,-0.1672929972410202,0,-0.12900100648403168,-0.9783470034599304,0.16185300052165985,0,-0.14722099900245667,0.18030300736427307,0.9725310206413269,0,-0.17693500220775604,-0.12306900322437286,0.011466999538242817,1,0.9962350130081177,-0.03139900043606758,-0.08081100136041641,0,-0.006994000170379877,0.8999660015106201,-0.43590301275253296,0,0.08641400188207626,0.4348269999027252,0.8963580131530762,0,0,0.7768210172653198,0,1,0.9908249974250793,0.11363299936056137,0.07316000014543533,0,-0.10585100203752518,0.3159329891204834,0.9428579807281494,0,0.08402600139379501,-0.9419519901275635,0.32506200671195984,0,0,0.5911200046539307,0,1,0.9782620072364807,0.07266499847173691,-0.19422300159931183,0,0.0755229964852333,0.7474330067634583,0.6600310206413269,0,0.1931300014257431,-0.6603509783744812,0.7256969809532166,0,0,0.25505000352859497,0,1
K0.033,0.9783440232276917,-0.017946995794773102,0.20620498061180115,0,0.009272998198866844,0.9990339875221252,0.042952992022037506,0,-0.20677699148654938,-0.0401109978556633,0.9775660037994385,0,0.0034719924442470074,1.5905519723892212,-0.008003009483218193,1,0.9993600249290466,0.013680998235940933,-0.03305099904537201,0,-0.008055996149778366,0.9863089919090271,0.16470806300640106,0,0.03485099971294403,-0.16433605551719666,0.9857879877090454,0,0,0.2212029993534088,-0.0008670000243000686,1,0.9974279999732971,0.019746998324990273,-0.06889699399471283,0,-0.015780992805957794,0.9982119798660278,0.057645075023174286,0,0.06991200149059296,-0.05641007795929909,0.9959570169448853,0,0,0.25807198882102966,0,1,0.9974309802055359,0.019687999039888382,-0.06887999176979065,0,-0.029742993414402008,0.9885179996490479,-0.14814792573451996,0,0.06517300009727478,0.14981593191623688,0.9865639805793762,0,0,0.2949390113353729,0,1,0.9920009970664978,-0.12371599674224854,-0.025073960423469543,0,0.12139499187469482,0.9894400238990784,-0.07918916642665863,0,0.034605979919433594,0.07551216334104538,0.9965440034866333,0,0,0.3318060040473938,0,1,0.9910709857940674,0.13215401768684387,0.017737025395035744,0,-0.13329800963401794,0.9852579832077026,0.10723506659269333,0,-0.003304015379399061,-0.10864206403493881,0.9940750002861023,0,0,0.062428999692201614,0.005843999795615673,1,0.0018800270045176148,-0.022992007434368134,-0.9997339844703674,0,0.8891479969024658,-0.4574560225009918,0.012193027883768082,0,-0.4576150178909302,-0.8889350295066833,0.019583992660045624,0,0.10847699642181396,0.27241700887680054,0.00020900000527035445,1,0.9978179931640625,0.019627045840024948,0.0630420446395874,0,-0.06108306348323822,0.636906087398529,0.7685179114341736,0,-0.025067999958992004,-0.7706919312477112,0.6367150545120239,0,0,0.2639169991016388,0,1,0.9620270133018494,0.27292704582214355,-0.0038879667408764362,0,-0.27292606234550476,0.9620350003242493,0.0008599861175753176,0,0.003974964376538992,0.00023400427016895264,0.9999920129776001,0,0,0.3971010148525238,0,1,0.9996089935302734,0.004002067726105452,-0.027684928849339485,0,-0.0013490733690559864,0.9954580068588257,0.09519702941179276,0,0.0279399361461401,-0.09512202441692352,0.9950730204582214,0,0,0.38970398902893066,0,1,0.7968040108680725,0.5304399728775024,-0.2893730103969574,0,-0.4790239930152893,0.8464360237121582,0.23255500197410583,0,0.3682920038700104,-0.04668400064110756,0.9285370111465454,0,-0.04462200030684471,0.07789500057697296,0,1,0.9421460032463074,-0.2997640073299408,0.1500069946050644,0,0.26987800002098083,0.9437710046768188,0.19095100462436676,0,-0.19881199300289154,-0.13942000269889832,0.9700700044631958,0,-0.0046179997734725475,0.07166799902915955,0,1,0.9877579808235168,0.1547059863805771,0.01998800039291382,0,-0.15511298179626465,0.9876790046691895,0.02073400281369686,0,-0.016534000635147095,-0.023580003529787064,0.999584972858429,0,-0.0023380001075565815,0.06256800144910812,0,1,0.9972130060195923,0.0745989978313446,0.001449999981559813,0,-0.07453899830579758,0.9951620101928711,0.06400000303983688,0,0.0033309999853372574,-0.0639289990067482,0.9979490041732788,0,0,0.15892399847507477,-0.0007740000146441162,1,0.9999719858169556,0.007002000231295824,-0.00279999990016222,0,-0.005840000230818987,0.9539240002632141,0.2999899983406067,0,0.004770999774336815,-0.2999649941921234,0.9539380073547363,0,0.00014899999951012433,0.07028000056743622,0,1,0.9999909996986389,0.004277000203728676,-0.00005300001066643745,0,-0.004226999823004007,0.9900739789009094,0.14048099517822266,0,0.000653000024612993,-0.14047999680042267,0.9900829792022705,0,-0.00005500000042957254,0.05862899869680405,0,1,-0.006916991900652647,0.022840004414319992,0.9997149705886841,0,-0.8892679810523987,-0.45736703276634216,0.00429600989446044,0,0.4573350250720978,-0.8889849781990051,0.02347400039434433,0,-0.10847699642181396,0.2724199891090393,-0.000674000009894371,1,0.9966239929199219,-0.024151047691702843,0.07846298068761826,0,-0.039143942296504974,0.7003160715103149,0.7127589583396912,0,-0.07216301560401917,-0.7134249210357666,0.6970060467720032,0,0,0.2639169991016388,0,1,0.9489259719848633,-0.31541708111763,0.00713299261406064,0,0.31539809703826904,0.9489520192146301,0.0036030043847858906,0,-0.007904994301497936,-0.0011690061073750257,0.9999679923057556,0,0,0.3974829912185669,0,1,0.9963160157203674,0.03648202866315842,0.07760901749134064,0,-0.03355402871966362,0.9986879825592041,-0.038694992661476135,0,-0.07891901582479477,0.035948991775512695,0.9962329864501953,0,0,0.3896290063858032,0,1,0.830187976360321,-0.4660860002040863,0.3058620095252991,0,0.42582300305366516,0.8842679858207703,0.19169099628925323,0,-0.3598079979419708,-0.028896000236272812,0.932578980922699,0,0.04728500172495842,0.08196800202131271,0,1,0.9579100012779236,0.24862399697303772,-0.14350800216197968,0,-0.21672099828720093,0.9541550278663635,0.20644700527191162,0,0.18825699388980865,-0.1666560024023056,0.9678769707679749,0,0.010711000300943851,0.0749410018324852,0,1,0.903020977973938,-0.42651498317718506,-0.051368001848459244,0,0.42730799317359924,0.904092013835907,0.005046003498136997,0,0.0442890003323555,-0.026507003232836723,0.9986670017242432,0,0.003932000137865543,0.05893800035119057,0,1,0.9967389702796936,-0.08066499978303909,0.002309999894350767,0,0.08033700287342072,0.9945729970932007,0.06610699743032455,0,-0.0076299998909235,-0.06570599973201752,0.9978100061416626,0,0,0.16352200508117676,-0.000035000000934815034,1,0.9997490048408508,-0.022374000400304794,-0.0007670000195503235,0,0.021577000617980957,0.9538909792900085,0.2993760108947754,0,-0.005967000033706427,-0.29931798577308655,0.954135000705719,0,-0.0002789999998640269,0.068511001765728,0,1,0.999987006187439,0.004563000053167343,0.002073999959975481,0,-0.004809000063687563,0.9901109933853149,0.14020000398159027,0,-0.0014140000566840172,-0.14020900428295135,0.9901210069656372,0,-0.00017299999308306724,0.05902500078082085,0,1,-0.9478669762611389,-0.16992299258708954,0.26958298683166504,0,0.23711702227592468,-0.9412620067596436,0.24042102694511414,0,0.2128949910402298,0.2918100357055664,0.9324820041656494,0,0.17693500220775604,-0.12306900322437286,0.010266999714076519,1,0.9962980151176453,0.03229900076985359,0.0796709880232811,0,0.004823001101613045,0.9042799472808838,-0.4269130825996399,0,-0.08583398163318634,0.4257170855998993,0.9007759690284729,0,0,0.7767450213432312,0,1,0.9861040115356445,-0.16476301848888397,0.021276995539665222,0,0.05459500104188919,0.4423549771308899,0.8951770067214966,0,-0.15690401196479797,-0.8815760016441345,0.4452029764652252,0,0,0.5908679962158203,0,1,0.9782450199127197,-0.06612200289964676,0.19663198292255402,0,-0.07481299340724945,0.771619975566864,0.6316689848899841,0,-0.19349199533462524,-0.6326370239257812,0.7498869895935059,0,0,0.2539370059967041,0,1,-0.9807069897651672,0.10127399861812592,-0.16720400750637054,0,-0.1290850043296814,-0.9778339862823486,0.16486003994941711,0,-0.14680199325084686,0.18326304852962494,0.9720410108566284,0,-0.17693500220775604,-0.12306900322437286,0.011466999538242817,1,0.9961770176887512,-0.03259200602769852,-0.08104798942804337,0,-0.006753000896424055,0.8962869644165039,-0.4434240758419037,0,0.08709399402141571,0.44227609038352966,0.8926399350166321,0,0,0.7768210172653198,0,1,0.9908080101013184,0.11355799436569214,0.07350900024175644,0,-0.10575298964977264,0.31138694286346436,0.944379985332489,0,0.0843529999256134,-0.9434739947319031,0.3205339312553406,0,0,0.5911200046539307,0,1,0.9782620072364807,0.07266499847173691,-0.19422300159931183,0,0.0755229964852333,0.7474330067634583,0.6600310206413269,0,0.1931300014257431,-0.6603509783744812,0.7256979942321777,0,0,0.25505000352859497,0,1
K0.067,0.9785339832305908,-0.017629003152251244,0.20532801747322083,0,0.009111002087593079,0.9990609884262085,0.04235600680112839,0,-0.2058820128440857,-0.039576005190610886,0.9777759909629822,0,0.002719007432460785,1.5890439748764038,-0.008937990292906761,1,0.9993640184402466,0.01346800196915865,-0.033006999641656876,0,-0.0076670036651194096,0.9854230284690857,0.1699509620666504,0,0.03481400012969971,-0.16958993673324585,0.9848999977111816,0,0,0.2212029993534088,-0.0008670000243000686,1,0.9974650144577026,0.019470002502202988,-0.06844300776720047,0,-0.014999007806181908,0.9977570176124573,0.06524492800235748,0,0.0695590004324913,-0.06405292451381683,0.9955189824104309,0,0,0.25807198882102966,0,1,0.9974669814109802,0.019412001594901085,-0.06843000650405884,0,-0.02891300804913044,0.9896280169487,-0.14071206748485565,0,0.06498800218105316,0.14233407378196716,0.9876829981803894,0,0,0.2949390113353729,0,1,0.9921349883079529,-0.12336999922990799,-0.021144039928913116,0,0.12083900719881058,0.9880970120429993,-0.09519883990287781,0,0.03263701871037483,0.09189483523368835,0.9952340126037598,0,0,0.3318060040473938,0,1,0.9908040165901184,0.1337609887123108,0.020392974838614464,0,-0.1352199912071228,0.984254002571106,0.1138429343700409,0,-0.004843984730541706,-0.11555393040180206,0.9932889938354492,0,0,0.062428999692201614,0.005843999795615673,1,0.004578973166644573,-0.023667993023991585,-0.9997090101242065,0,0.8877249956130981,-0.4601309597492218,0.014959972351789474,0,-0.46035096049308777,-0.8875359892845154,0.018904007971286774,0,0.10847699642181396,0.27241700887680054,0.00020900000527035445,1,0.997406005859375,0.02422795258462429,0.0677819550037384,0,-0.06746793538331985,0.6428619623184204,0.7630050778388977,0,-0.025088999420404434,-0.7655990719795227,0.6428289413452148,0,0,0.2639169991016388,0,1,0.9605439901351929,0.27812594175338745,-0.0005610330845229328,0,-0.27812594175338745,0.9605439901351929,-0.0005239862366579473,0,0.000393035588786006,0.000659995770547539,1,0,0,0.3971010148525238,0,1,0.9997280240058899,0.010752933099865913,-0.020674068480730057,0,-0.008678927086293697,0.9951580166816711,0.09789997339248657,0,0.0216260626912117,-0.09769397974014282,0.9949820041656494,0,0,0.38970398902893066,0,1,0.7968999743461609,0.5302680134773254,-0.28942400217056274,0,-0.4788320064544678,0.8465399742126465,0.23257200419902802,0,0.3683350086212158,-0.0467509999871254,0.9285169839859009,0,-0.04462200030684471,0.07789500057697296,0,1,0.9420239925384521,-0.30019500851631165,0.1499139964580536,0,0.2702769935131073,0.9436110258102417,0.19117699563503265,0,-0.19885100424289703,-0.13957500457763672,0.9700400233268738,0,-0.0046179997734725475,0.07166799902915955,0,1,0.9880120158195496,0.1530740112066269,0.02000799961388111,0,-0.15348801016807556,0.9879260063171387,0.021056996658444405,0,-0.01654299907386303,-0.023874996230006218,0.9995779991149902,0,-0.0023380001075565815,0.06256800144910812,0,1,0.9972130060195923,0.0745989978313446,0.001449999981559813,0,-0.07453899830579758,0.9951620101928711,0.06400000303983688,0,0.0033309999853372574,-0.06392999738454819,0.9979490041732788,0,0,0.15892399847507477,-0.0007740000146441162,1,0.9999719858169556,0.007002000231295824,-0.00279999990016222,0,-0.005840000230818987,0.9539250135421753,0.2999899983406067,0,0.004770999774336815,-0.2999649941921234,0.9539380073547363,0,0.00014899999951012433,0.07028000056743622,0,1,0.9999909996986389,0.004275999963283539,-0.00005399998917710036,0,-0.004226000048220158,0.9900739789009094,0.14048199355602264,0,0.0006539999740198255,-0.14047999680042267,0.9900829792022705,0,-0.00005500000042957254,0.05862899869680405,0,1,-0.006119007710367441,0.02326899580657482,0.9997109770774841,0,-0.8879690170288086,-0.4598739743232727,0.005268990062177181,0,0.45986297726631165,-0.8876789808273315,0.02347699925303459,0,-0.10847699642181396,0.2724199891090393,-0.000674000009894371,1,0.9966959953308105,-0.028907952830195427,0.07590602338314056,0,-0.033528055995702744,0.7047649621963501,0.7086480855941772,0,-0.07398098707199097,-0.7088520526885986,0.7014669179916382,0,0,0.2639169991016388,0,1,0.9464200139045715,-0.3228759467601776,0.006385007407516241,0,0.3228549361228943,0.9464399814605713,0.004046995658427477,0,-0.007349005434662104,-0.0017689940286800265,0.9999709725379944,0,0,0.3974829912185669,0,1,0.9960790276527405,0.03936396911740303,0.07922898232936859,0,-0.03643697127699852,0.9986109733581543,-0.03806200623512268,0,-0.08061698824167252,0.035026006400585175,0.9961299896240234,0,0,0.3896290063858032,0,1,0.8302680253982544,-0.4659099876880646,0.30591198801994324,0,0.4256260097026825,0.8843579888343811,0.19171200692653656,0,-0.3598569929599762,-0.028968000784516335,0.932558000087738,0,0.04728500172495842,0.08196800202131271,0,1,0.9578139781951904,0.2490520030260086,-0.1434040069580078,0,-0.2171189934015274,0.9540129899978638,0.20668500661849976,0,0.1882849931716919,-0.16683000326156616,0.9678410291671753,0,0.010711000300943851,0.0749410018324852,0,1,0.9037179946899414,-0.4250200092792511,-0.05149099975824356,0,0.42583099007606506,0.904787003993988,0.0054089962504804134,0,0.0442890003323555,-0.02681499719619751,0.9986590147018433,0,0.003932000137865543,0.05893800035119057,0,1,0.9967389702796936,-0.08066499978303909,0.0023089998867362738,0,0.08033700287342072,0.9945729970932007,0.06610699743032455,0,-0.00762900011613965,-0.06570599973201752,0.9978100061416626,0,0,0.16352200508117676,-0.000035000000934815034,1,0.9997490048408508,-0.022374000400304794,-0.0007660000119358301,0,0.021577000617980957,0.9538909792900085,0.2993769943714142,0,-0.005967000033706427,-0.29931899905204773,0.954135000705719,0,-0.0002789999998640269,0.068511001765728,0,1,0.999987006187439,0.004563000053167343,0.002073999959975481,0,-0.004809000063687563,0.9901109933853149,0.14020100235939026,0,-0.0014140000566840172,-0.14020900428295135,0.9901210069656372,0,-0.00017299999308306724,0.05902500078082085,0,1,-0.9478380084037781,-0.17040100693702698,0.2693830132484436,0,0.23836198449134827,-0.9400039911270142,0.24408097565174103,0,0.2116290181875229,0.29555895924568176,0.9315890073776245,0,0.17693500220775604,-0.12306900322437286,0.010266999714076519,1,0.9964020252227783,0.03233899921178818,0.07834001630544662,0,0.004936999175697565,0.9006260633468628,-0.4345659017562866,0,-0.08460801839828491,0.43338891863822937,0.8972260355949402,0,0,0.7767450213432312,0,1,0.9859799742698669,-0.16554298996925354,0.020940003916621208,0,0.054621998220682144,0.43878403306007385,0.896930992603302,0,-0.15766897797584534,-0.8832119703292847,0.4416750371456146,0,0,0.5908679962158203,0,1,0.9783809781074524,-0.06646999716758728,0.19583801925182343,0,-0.07413700968027115,0.7712849974632263,0.6321579813957214,0,-0.19306600093841553,-0.6330100297927856,0.7496830224990845,0,0,0.2539370059967041,0,1,-0.9805769920349121,0.10110700130462646,-0.16806498169898987,0,-0.1297149956226349,-0.9770349860191345,0.16904495656490326,0,-0.14711399376392365,0.18756195902824402,0.9711740016937256,0,-0.17693500220775604,-0.12306900322437286,0.011466999538242817,1,0.9962210059165955,-0.033178992569446564,-0.08026400953531265,0,-0.006822999566793442,0.891399085521698,-0.4531679153442383,0,0.08658301085233688,0.4520029127597809,0.8878040313720703,0,0,0.7768210172653198,0,1,0.9908599853515625,0.11304600536823273,0.07359600067138672,0,-0.10516200959682465,0.3056870698928833,0.9463070034980774,0,0.08447899669408798,-0.9453970193862915,0.3147810697555542,0,0,0.5911200046539307,0,1,0.9782620072364807,0.07266499847173691,-0.19422300159931183,0,0.0755229964852333,0.7474330067634583,0.6600310206413269,0,0.1931300014257431,-0.6603509783744812,0.7256969809532166,0,0,0.25505000352859497,0,1
