3.833,30,114,43
B0,mixamorig_Hips,-1,0.9238492250442505,-0.11837347596883774,0.3639533221721649,0,-0.012994324788451195,0.940720796585083,0.33892297744750977,0,-0.3824957609176636,-0.31785303354263306,0.867546796798706,0,21.090591430664062,82.91170501708984,-1.3461610078811646,1
B1,mixamorig_Spine,0,0.9951620697975159,-0.07821132987737656,0.0594569556415081,0,0.06563160568475723,0.9795776009559631,0.19005432724952698,0,-0.07310769706964493,-0.18523269891738892,0.9799717664718628,0,0,14.65250015258789,0.4325000047683716,1
B2,mixamorig_Spine1,1,0.9989349246025085,-0.03138735890388489,0.03381319344043732,0,0.025242256000638008,0.9853094220161438,0.1689009964466095,0,-0.03861748054623604,-0.16786758601665497,0.9850528836250305,0,0,10.372599601745605,0,1
B3,mixamorig_Spine2,2,0.998908281326294,-0.030143270269036293,0.035690758377313614,0,0.025900108739733696,0.9931551814079285,0.11389488726854324,0,-0.03887952119112015,-0.11284645646810532,0.9928510189056396,0,0,10.089500427246094,0,1
B4,mixamorig_Neck,3,0.9887492656707764,-0.14896361529827118,-0.013562948442995548,0,0.14668895304203033,0.983386218547821,-0.10692717880010605,0,0.029266029596328735,0.1037353053689003,0.9941738247871399,0,0,31.684999465942383,0.24639999866485596,1
B5,mixamorig_Head,4,0.9840726852416992,0.15143321454524994,-0.09306862205266953,0,-0.16731835901737213,0.6124682426452637,-0.7725837826728821,0,-0.05999268591403961,0.7758495807647705,0.6280523538589478,0,0,11.408900260925293,1.9208999872207642,1
B6,mixamorig_HeadTop_End,5,1,0,0,0,0,1,0,0,0,0,1,0,0.06040000170469284,36.99250030517578,6.669400215148926,1
B7,mixamorig_Reye,5,1,0,0,0,0,1,0,0,0,0,1,0,-5.297500133514404,11.923600196838379,11.889900207519531,1
B8,mixamorig_Leye,5,1,0,0,0,0,1,0,0,0,0,1,0,5.452600002288818,11.923600196838379,11.889900207519531,1
B9,mixamorig_LeftShoulder,3,-0.003563900012522936,-0.0388454869389534,-0.9992386698722839,0,0.7109040021896362,-0.7028522491455078,0.02478751353919506,0,-0.703279972076416,-0.7102743983268738,0.0301198847591877,0,10.9128999710083,26.73270034790039,-2.7056000232696533,1
B10,mixamorig_LeftArm,9,0.8863760232925415,0.39449959993362427,0.24214252829551697,0,-0.3958873748779297,0.917159378528595,-0.04509285092353821,0,-0.23986555635929108,-0.055921345949172974,0.9691838026046753,0,0,16.608800888061523,0,1
B11,mixamorig_LeftForeArm,10,0.06983143091201782,0.9975587129592896,0,0,-0.9975587129592896,0.06983143091201782,0,0,0,0,1,0,0,32.327598571777344,0,1
B12,mixamorig_LeftHand,11,0.7949198484420776,0.04751155525445938,-0.6048510074615479,0,-0.28616729378700256,0.9084121584892273,-0.30474209785461426,0,0.5349745750427246,0.41533395648002625,0.7357116341590881,0,0,28.022199630737305,0,1
B13,mixamorig_LeftHandThumb1,12,0.8923526406288147,0.44812101125717163,-0.053803328424692154,0,-0.4032190144062042,0.8450890183448792,0.35105499625205994,0,0.20278400182724,-0.2915700078010559,0.9348080158233643,0,-3.8598999977111816,6.27400016784668,3.206399917602539,1
B14,mixamorig_LeftHandThumb2,13,0.9881680011749268,-0.15336667001247406,-0.0016629999736323953,0,0.15336300432682037,0.9878950119018555,0.02330699935555458,0,-0.0019310000352561474,-0.023286327719688416,0.9997270107269287,0,0,6.531899929046631,0,1
B15,mixamorig_LeftHandThumb3,14,0.9994850158691406,-0.032072000205516815,0.0006130000110715628,0,0.03206932917237282,0.9985960125923157,-0.042162999510765076,0,0.0007399999885819852,0.0421609990298748,0.999110996723175,0,0,7.500800132751465,0,1
B16,mixamorig_LeftHandThumb4,15,1,0,0,0,0,1,0,0,0,0,1,0,0,4.862299919128418,0,1
B17,mixamorig_LeftHandIndex1,12,0.9999359846115112,-0.011266999877989292,-0.000526999996509403,0,0.011266999877989292,0.9955689907073975,0.09335900098085403,0,-0.000526999996509403,-0.09335900098085403,0.995631992816925,0,0,18.109699249267578,0,1
B18,mixamorig_LeftHandIndex2,17,0.9999359846115112,-0.011266326531767845,-0.000526999996509403,0,0.011266326531767845,0.9955689907073975,0.09335900098085403,0,-0.000526999996509403,-0.09335900098085403,0.995631992816925,0,0,4.183700084686279,0,1
B19,mixamorig_LeftHandIndex3,18,0.9999840259552002,-0.005638999864459038,-0.0001320000010309741,0,0.005638999864459038,0.9988920092582703,0.046730998903512955,0,-0.0001320000010309741,-0.046730998903512955,0.9989070296287537,0,0,3.831899881362915,0,1
B20,mixamorig_LeftHandIndex4,19,1,0,0,0,0,1,0,0,0,0,1,0,0,4.86359977722168,0,1
B21,mixamorig_RightShoulder,3,0.23868562281131744,-0.03093256615102291,0.970602810382843,0,-0.8584965467453003,-0.473877489566803,0.19601619243621826,0,0.4538828432559967,-0.8800467252731323,-0.139662504196167,0,-10.9128999710083,26.732999801635742,-2.7056000232696533,1
B22,mixamorig_RightArm,21,0.8316580057144165,-0.5507199764251709,0.07066400349140167,0,0.42421478033065796,0.7123712301254272,0.5590383410453796,0,-0.35822564363479614,-0.4349979758262634,0.8260897397994995,0,0,16.608600616455078,0,1
B23,mixamorig_RightForeArm,22,0.17404279112815857,-0.9846704006195068,0,0,0.9846704006195068,0.17404279112815857,0,0,0,0,1,0,0,32.327598571777344,0,1
B24,mixamorig_RightHand,23,0.9979965090751648,-0.05426093935966492,0.03227698802947998,0,0.05715034902095795,0.9936805367469788,-0.09660466015338898,0,-0.026831714436411858,0.09825578331947327,0.9947904348373413,0,0,28.022199630737305,0,1
B25,mixamorig_RightHandThumb1,24,0.8521350026130676,-0.5216126441955566,0.04227399826049805,0,0.4761356711387634,0.8062873482704163,0.35099199414253235,0,-0.21716700494289398,-0.27896401286125183,0.9354239702224731,0,3.8598999977111816,6.27400016784668,3.2070000171661377,1
B26,mixamorig_RightHandThumb2,25,0.8599799871444702,0.4990920126438141,-0.10649699717760086,0,-0.4966626763343811,0.8664939999580383,0.05014500021934509,0,0.11730600148439407,0.009769673459231853,0.9930480122566223,0,0,6.531799793243408,0,1
B27,mixamorig_RightHandThumb3,26,0.9828069806098938,0.17410899698734283,-0.06145999953150749,0,-0.17667600512504578,0.9834920167922974,-0.039108000695705414,0,0.053637001663446426,0.04929467290639877,0.9973430037498474,0,0,7.500999927520752,0,1
B28,mixamorig_RightHandThumb4,27,1,0,0,0,0,1,0,0,0,0,1,0,0,4.862299919128418,0,1
B29,mixamorig_RightHandIndex1,24,0.9999780058860779,0.006641999818384647,0.00018099999579135329,0,-0.006641999818384647,0.9984909892082214,0.05450500175356865,0,0.00018099999579135329,-0.05450500175356865,0.9985129833221436,0,0,18.109600067138672,0,1
B30,mixamorig_RightHandIndex2,29,1,0,0,0,0,1,0,0,0,0,1,0,0,4.184000015258789,0,1
B31,mixamorig_RightHandIndex3,30,1,0,0,0,0,1,0,0,0,0,1,0,0,3.8320000171661377,0,1
B32,mixamorig_RightHandIndex4,31,1,0,0,0,0,1,0,0,0,0,1,0,0,4.86299991607666,0,1
B33,mixamorig_LeftUpLeg,0,-0.888055682182312,-0.19646970927715302,0.415608286857605,0,0.4532972276210785,-0.2236848920583725,0.8628358840942383,0,-0.07655391097068787,0.9546400904655457,0.28770697116851807,0,13.025899887084961,-7.138299942016602,0.8583999872207642,1
B34,mixamorig_LeftLeg,33,0.9970782399177551,-0.06757936626672745,-0.03549792245030403,0,-0.02367943711578846,0.16810385882854462,-0.9854736924171448,0,0.07257051765918732,0.9834365844726562,0.16600936651229858,0,0,35.90399932861328,0,1
B35,mixamorig_LeftFoot,34,0.9584439396858215,-0.27554070949554443,-0.07371976226568222,0,0.149947389960289,0.26679301261901855,0.9520034193992615,0,-0.24263784289360046,-0.9235002994537354,0.29703396558761597,0,0,40.588401794433594,0,1
B36,mixamorig_LeftToeBase,35,1,0.0000019999999949504854,0,0,-9.999999974752427e-7,0.7042647004127502,0.7099372744560242,0,9.999999974752427e-7,-0.7099372744560242,0.7042647004127502,0,0,24,0,1
B37,mixamorig_LeftToe_End,36,1,0,0,0,0,1,0,0,0,0,1,0,0,14.832099914550781,0,1
B38,mixamorig_RightUpLeg,0,-0.8867282271385193,0.2647565007209778,-0.37883904576301575,0,-0.4617200791835785,-0.47080034017562866,0.751765251159668,0,0.02067255787551403,0.8415224552154541,0.539733350276947,0,-13.025899887084961,-7.138199806213379,0.8583999872207642,1
B39,mixamorig_RightLeg,38,0.9855743646621704,0.1403389573097229,0.09437833726406097,0,-0.012786902487277985,0.6182644367218018,-0.7857903838157654,0,-0.1685786247253418,0.7732880711555481,0.6111689209938049,0,0,35.90399932861328,0,1
B40,mixamorig_RightFoot,39,0.8354061245918274,0.5229331851005554,0.16918763518333435,0,-0.3934956192970276,0.3541237711906433,0.8483643531799316,0,0.3837426006793976,-0.7753036022186279,0.5016089677810669,0,0,40.588401794433594,0,1
B41,mixamorig_RightToeBase,40,1,0,0,0,0,0.7047430276870728,0.7094630002975464,0,0,-0.7094630002975464,0.7047430276870728,0,0,24,0,1
B42,mixamorig_RightToe_End,41,1,0,0,0,0,1,0,0,0,0,1,0,0,14.831999778747559,0,1
@34,0,1,2,3,4,5,9,10,11,12,13,14,15,17,18,19,21,22,23,24,25,26,27,29,30,31,33,34,35,36,38,39,40,41
K0.000,0.9579669833183289,-0.05046200007200241,0.2824069857597351,0,-0.03713899850845337,0.9543089866638184,0.2965030074119568,0,-0.2844649851322174,-0.294528990983963,0.912322998046875,0,9.609466552734375,83.43714141845703,-4.711414813995361,1,0.9973859786987305,-0.024687999859452248,0.06791099905967712,0,0.01044899970293045,0.9792230129241943,0.2025189995765686,0,-0.07150000333786011,-0.20127999782562256,0.976921021938324,0,0,14.65250015258789,0.4325000047683716,1,0.9988920092582703,-0.00036700000055134296,0.04705800116062164,0,-0.008338999934494495,0.9827619791030884,0.18468700349330902,0,-0.04631400108337402,-0.1848749965429306,0.9816700220108032,0,0,10.372599601745605,0,1,0.9990730285644531,0.000526999996509403,0.043053001165390015,0,-0.006167999934405088,0.991362988948822,0.13100199401378632,0,-0.04261299967765808,-0.13114599883556366,0.9904469847679138,0,0,10.089500427246094,0,1,0.9993119835853577,-0.033675000071525574,-0.015561999753117561,0,0.032832998782396317,0.9981330037117004,-0.051493000239133835,0,0.017266999930143356,0.050946999341249466,0.9985520243644714,0,0,31.684999465942383,0.24639999866485596,1,0.996845006942749,0.030611999332904816,-0.07323300093412399,0,-0.07679399847984314,0.6052709817886353,-0.7923070192337036,0,0.020072000101208687,0.7954310178756714,0.6057119965553284,0,0,11.408900260925293,1.9208999872207642,1,0.03490300104022026,-0.03164200112223625,-0.9988899827003479,0,0.7656019926071167,-0.6415899991989136,0.047074999660253525,0,-0.6423670053482056,-0.7663949728012085,0.0018319999799132347,0,10.9128999710083,26.73270034790039,-2.7056000232696533,1,0.9542589783668518,0.2858879864215851,0.08750999718904495,0,-0.297666996717453,0.9358689785003662,0.18852899968624115,0,-0.02800000086426735,-0.20595400035381317,0.9781609773635864,0,0,16.608800888061523,0,1,0.13417500257492065,0.9909579753875732,0,0,-0.9909579753875732,0.13417500257492065,0,0,0,0,1,0,0,32.327598571777344,0,1,0.7957820296287537,0.04256799817085266,-0.6040850281715393,0,-0.3649890124797821,0.8297029733657837,-0.42234599590301514,0,0.4832330048084259,0.5565800070762634,0.6758000254631042,0,0,28.022199630737305,0,1,0.8923529982566833,0.44812101125717163,-0.05380300059914589,0,-0.4032190144062042,0.8450890183448792,0.35105499625205994,0,0.20278400182724,-0.2915709912776947,0.9348080158233643,0,-3.8598999977111816,6.27400016784668,3.206399917602539,1,0.9881680011749268,-0.15336699783802032,-0.0016629999736323953,0,0.15336300432682037,0.9878950119018555,0.02330699935555458,0,-0.0019310000352561474,-0.02328599989414215,0.9997270107269287,0,0,6.531899929046631,0,1,0.9994850158691406,-0.032072000205516815,0.0006130000110715628,0,0.03206900134682655,0.9985960125923157,-0.04216200113296509,0,0.0007399999885819852,0.042160000652074814,0.999110996723175,0,0,7.500800132751465,0,1,0.9999359846115112,-0.011265999637544155,-0.000526999996509403,0,0.011265999637544155,0.9955689907073975,0.09335900098085403,0,-0.000526999996509403,-0.09335900098085403,0.995631992816925,0,0,18.109699249267578,0,1,0.9999359846115112,-0.011266999877989292,-0.000526999996509403,0,0.011266999877989292,0.9955689907073975,0.09335900098085403,0,-0.000526999996509403,-0.09335900098085403,0.995631992816925,0,0,4.183700084686279,0,1,0.9999840259552002,-0.005638999864459038,-0.0001320000010309741,0,0.005638999864459038,0.9988920092582703,0.046730998903512955,0,-0.0001320000010309741,-0.046730998903512955,0.9989070296287537,0,0,3.831899881362915,0,1,0.07134699821472168,0.020930999889969826,0.9972320199012756,0,-0.7710049748420715,-0.6331390142440796,0.06845100224018097,0,0.6328189969062805,-0.7737550139427185,-0.029035000130534172,0,-10.9128999710083,26.732999801635742,-2.7056000232696533,1,0.8482720255851746,-0.5246509909629822,0.07194499671459198,0,0.4055649936199188,0.7309859991073608,0.5487949848175049,0,-0.3405170142650604,-0.4363490045070648,0.8328549861907959,0,0,16.608600616455078,0,1,-0.01743200048804283,-0.9998480081558228,0,0,0.9998480081558228,-0.01743200048804283,0,0,0,0,1,0,0,32.327598571777344,0,1,0.9877049922943115,-0.004920000210404396,0.15625399351119995,0,0.020944999530911446,0.9946579933166504,-0.10107800364494324,0,-0.1549219936132431,0.1031079962849617,0.9825310111045837,0,0,28.022199630737305,0,1,0.8521350026130676,-0.5216119885444641,0.04227399826049805,0,0.4761359989643097,0.8062869906425476,0.35099199414253235,0,-0.21716700494289398,-0.27896401286125183,0.9354239702224731,0,3.8598999977111816,6.27400016784668,3.2070000171661377,1,0.8599799871444702,0.4990920126438141,-0.10649699717760086,0,-0.49666300415992737,0.8664939999580383,0.05014500021934509,0,0.11730600148439407,0.009770000353455544,0.9930480122566223,0,0,6.531799793243408,0,1,0.9828069806098938,0.17410899698734283,-0.06145999953150749,0,-0.17667600512504578,0.9834920167922974,-0.039108000695705414,0,0.053637001663446426,0.04929399862885475,0.9973430037498474,0,0,7.500999927520752,0,1,0.9999780058860779,0.006641999818384647,0.00018099999579135329,0,-0.006641999818384647,0.9984909892082214,0.05450500175356865,0,0.00018099999579135329,-0.05450500175356865,0.9985129833221436,0,0,18.109600067138672,0,1,1,0,0,0,0,1,0,0,0,0,1,0,0,4.184000015258789,0,1,1,0,0,0,0,1,0,0,0,0,1,0,0,3.8320000171661377,0,1,-0.8683739900588989,-0.30524200201034546,0.39083701372146606,0,0.47769400477409363,-0.3032270073890686,0.8245369791984558,0,-0.13317200541496277,0.9027069807052612,0.40912699699401855,0,13.025899887084961,-7.138299942016602,0.8583999872207642,1,0.9941830039024353,-0.09096699953079224,-0.05765800178050995,0,-0.018014999106526375,0.387349009513855,-0.9217569828033447,0,0.1061829999089241,0.9174339771270752,0.3834570050239563,0,0,35.90399932861328,0,1,0.9033830165863037,-0.4223800003528595,-0.0741259977221489,0,0.2589690089225769,0.3995560109615326,0.8793690204620361,0,-0.34181100130081177,-0.8136029839515686,0.4703350067138672,0,0,40.588401794433594,0,1,1,0.0000019999999949504854,0,0,0,0.6898990273475647,0.7239050269126892,0,0,-0.7239050269126892,0.6898990273475647,0,0,24,0,1,-0.8948500156402588,0.18633100390434265,-0.4056150019168854,0,-0.44592899084091187,-0.41335898637771606,0.7939019799232483,0,-0.019735999405384064,0.8912990093231201,0.4529860019683838,0,-13.025899887084961,-7.138199806213379,0.8583999872207642,1,0.9856430292129517,0.15653499960899353,0.06327900290489197,0,0.002877000020816922,0.35916098952293396,-0.9332709908485413,0,-0.16881699860095978,0.920054018497467,0.35355499386787415,0,0,35.90399932861328,0,1,0.9138829708099365,0.37269601225852966,0.16098299622535706,0,-0.28484100103378296,0.30608299374580383,0.9083939790725708,0,0.2892810106277466,-0.8760200142860413,0.38588300347328186,0,0,40.588401794433594,0,1,1,0,0,0,0,0.6894649863243103,0.7243189811706543,0,0,-0.7243189811706543,0.6894649863243103,0,0,24,0,1
K0.033,0.95586097240448,-0.05124499648809433,0.2893170714378357,0,-0.03639599680900574,0.9564390182495117,0.2896538972854614,0,-0.29155707359313965,-0.28739890456199646,0.9123579859733582,0,9.787369728088379,83.59708404541016,-4.832175254821777,1,0.9977830052375793,-0.02550501935184002,0.06147293373942375,0,0.01269903127104044,0.9796460270881653,0.20032899081707,0,-0.06533093750476837,-0.19910398125648499,0.9777979850769043,0,0,14.65250015258789,0.4325000047683716,1,0.9991049766540527,-0.0013960149371996522,0.04227295145392418,0,-0.00635597575455904,0.9831470251083374,0.18270598351955414,0,-0.04181595519185066,-0.18281099200248718,0.9822580218315125,0,0,10.372599601745605,0,1,0.9992640018463135,-0.0006070160889066756,0.03836095333099365,0,-0.004344976972788572,0.9916499853134155,0.12888798117637634,0,-0.03811895474791527,-0.12895998358726501,0.9909170269966125,0,0,10.089500427246094,0,1,0.999439001083374,-0.030217956751585007,-0.014453982934355736,0,0.029412956908345222,0.9981629848480225,-0.05295902118086815,0,0.01602798141539097,0.05250402167439461,0.9984920024871826,0,0,31.684999465942383,0.24639999866485596,1,0.9971910119056702,0.030333997681736946,-0.06847793608903885,0,-0.07265794277191162,0.61365807056427,-0.7862219214439392,0,0.018171966075897217,0.7889889478683472,0.6141380667686462,0,0,11.408900260925293,1.9208999872207642,1,0.035668011754751205,-0.03145099803805351,-0.998869001865387,0,0.7649980187416077,-0.6422749757766724,0.04754000902175903,0,-0.6430439949035645,-0.765828013420105,0.0011519910767674446,0,10.9128999710083,26.73270034790039,-2.7056000232696533,1,0.9535840153694153,0.29208609461784363,0.07323787361383438,0,-0.3009030520915985,0.9336739182472229,0.1941910982131958,0,-0.011659834533929825,-0.2072150558233261,0.9782260060310364,0,0,16.608800888061523,0,1,0.13917911052703857,0.9902669787406921,0,0,-0.9902669787406921,0.13917911052703857,0,0,0,0,1,0,0,32.327598571777344,0,1,0.7977570295333862,0.03189791738986969,-0.6021339893341064,0,-0.34308677911758423,0.8452070951461792,-0.40977585315704346,0,0.4958571195602417,0.5334867835044861,0.685214102268219,0,0,28.022199630737305,0,1,0.8923519849777222,0.44812101125717163,-0.05380300059914589,0,-0.4032190144062042,0.845088005065918,0.35105499625205994,0,0.20278400182724,-0.2915700078010559,0.9348080158233643,0,-3.8598999977111816,6.27400016784668,3.206399917602539,1,0.9881680011749268,-0.15336699783802032,-0.0016629999736323953,0,0.15336400270462036,0.9878950119018555,0.02330699935555458,0,-0.0019310000352561474,-0.02328599989414215,0.9997270107269287,0,0,6.531899929046631,0,1,0.9994850158691406,-0.032072000205516815,0.0006130000110715628,0,0.03206900134682655,0.9985960125923157,-0.04216200113296509,0,0.0007399999885819852,0.042160000652074814,0.999110996723175,0,0,7.500800132751465,0,1,0.9999359846115112,-0.011266999877989292,-0.000526999996509403,0,0.011266999877989292,0.9955689907073975,0.09335900098085403,0,-0.000526999996509403,-0.09335900098085403,0.995631992816925,0,0,18.109699249267578,0,1,0.9999359846115112,-0.011266999877989292,-0.000526999996509403,0,0.011266999877989292,0.9955689907073975,0.09335900098085403,0,-0.000526999996509403,-0.09335900098085403,0.995631992816925,0,0,4.183700084686279,0,1,0.9999840259552002,-0.005640000104904175,-0.0001320000010309741,0,0.005640000104904175,0.9988920092582703,0.046730998903512955,0,-0.0001320000010309741,-0.046730998903512955,0.9989070296287537,0,0,3.831899881362915,0,1,0.06746593862771988,0.02197401411831379,0.9974799752235413,0,-0.7701410055160522,-0.634443998336792,0.0660659596323967,0,0.6342960000038147,-0.7726569771766663,-0.025879954919219017,0,-10.9128999710083,26.732999801635742,-2.7056000232696533,1,0.8511170744895935,-0.5199839472770691,0.07222799211740494,0,0.3994169533252716,0.730679988861084,0.5536900758743286,0,-0.34068500995635986,-0.4424060881137848,0.8295849561691284,0,0,16.608600616455078,0,1,-0.010029900819063187,-0.9999499917030334,0,0,0.9999499917030334,-0.010029900819063187,0,0,0,0,1,0,0,32.327598571777344,0,1,0.9833259582519531,-0.003778039710596204,0.1818132847547531,0,0.02240006811916828,0.994687020778656,-0.10048099607229233,0,-0.18046827614307404,0.10287800431251526,0.9781859517097473,0,0,28.022199630737305,0,1,0.8521350026130676,-0.5216130018234253,0.04227399826049805,0,0.4761359989643097,0.8062869906425476,0.35099199414253235,0,-0.21716700494289398,-0.27896401286125183,0.9354239702224731,0,3.8598999977111816,6.27400016784668,3.2070000171661377,1,0.8599799871444702,0.4990920126438141,-0.10649699717760086,0,-0.49666300415992737,0.8664939999580383,0.05014500021934509,0,0.11730600148439407,0.009769000113010406,0.9930480122566223,0,0,6.531799793243408,0,1,0.9828060269355774,0.17410899698734283,-0.06145999953150749,0,-0.17667600512504578,0.9834920167922974,-0.0391089990735054,0,0.053637001663446426,0.04929500073194504,0.9973430037498474,0,0,7.500999927520752,0,1,0.9999780058860779,0.006643000058829784,0.00018099999579135329,0,-0.006643000058829784,0.9984909892082214,0.05450500175356865,0,0.00018099999579135329,-0.05450500175356865,0.9985129833221436,0,0,18.109600067138672,0,1,1,0,0,0,0,1,0,0,0,0,1,0,0,4.184000015258789,0,1,1,0,0,0,0,1,0,0,0,0,1,0,0,3.8320000171661377,0,1,-0.8673650026321411,-0.30366095900535583,0.39429399371147156,0,0.4823220372200012,-0.3176601529121399,0.8163689374923706,0,-0.12264789640903473,0.8982669115066528,0.4219891428947449,0,13.025899887084961,-7.138299942016602,0.8583999872207642,1,0.9938820004463196,-0.09240300208330154,-0.06049700081348419,0,-0.019105985760688782,0.39564812183380127,-0.9182029366493225,0,0.10877999663352966,0.913741946220398,0.391462117433548,0,0,35.90399932861328,0,1,0.9040259718894958,-0.42073994874954224,-0.07559898495674133,0,0.2564689815044403,0.39234504103660583,0.883338987827301,0,-0.3419959843158722,-0.8179500102996826,0.4625970125198364,0,0,40.588401794433594,0,1,1,0.0000019999999949504854,0,0,0,0.6980030536651611,0.7160949110984802,0,0,-0.7160949110984802,0.6980030536651611,0,0,24,0,1,-0.9001810550689697,0.1834850013256073,-0.394977867603302,0,-0.4349038898944855,-0.42679813504219055,0.7929069995880127,0,-0.023090006783604622,0.8855379223823547,0.4639931321144104,0,-13.025899887084961,-7.138199806213379,0.8583999872207642,1,0.9863370060920715,0.1490638703107834,0.07014304399490356,0,0.010468070395290852,0.3682021200656891,-0.929686963558197,0,-0.16440889239311218,0.9177179932594299,0.36161112785339355,0,0,35.90399932861328,0,1,0.9144970178604126,0.37283003330230713,0.15714293718338013,0,-0.27829697728157043,0.297726035118103,0.9131870269775391,0,0.29367801547050476,-0.8788390159606934,0.37602698802948,0,0,40.588401794433594,0,1,1,0,0,0,0,0.6997110843658447,0.7144259214401245,0,0,-0.7144259214401245,0.6997110843658447,0,0,24,0,1
K0.067,0.9541450142860413,-0.05103500187397003,0.29496294260025024,0,-0.03589800372719765,0.9587410092353821,0.28200408816337585,0,-0.29718494415283203,-0.2796610891819,0.9129459857940674,0,10.012589454650879,83.90059661865234,-4.9846296310424805,1,0.998121976852417,-0.02727598324418068,0.05484606698155403,0,0.015838967636227608,0.9798619747161865,0.1990480124950409,0,-0.05917105823755264,-0.1978050172328949,0.9784539937973022,0,0,14.65250015258789,0.4325000047683716,1,0.9993000030517578,-0.0028899849858134985,0.03729504719376564,0,-0.003926024306565523,0.9834010004997253,0.1814030110836029,0,-0.037200044840574265,-0.18142201006412506,0.9827010035514832,0,0,10.372599601745605,0,1,0.9994369745254517,-0.0022099842317402363,0.03349104896187782,0,-0.002078022575005889,0.9918419718742371,0.12745700776576996,0,-0.03349904343485832,-0.12745401263237,0.9912790060043335,0,0,10.089500427246094,0,1,0.9995830059051514,-0.02589104324579239,-0.012811017222702503,0,0.025148043408989906,0.9981639981269836,-0.05510897934436798,0,0.014215017668902874,0.054763976484537125,0.9983980059623718,0,0,31.684999465942383,0.24639999866485596,1,0.9976440072059631,0.030171001330018044,-0.06161706522107124,0,-0.06700605899095535,0.6214099526405334,-0.7806150317192078,0,0.014738034456968307,0.7829040884971619,0.6219679117202759,0,0,11.408900260925293,1.9208999872207642,1,0.036713987588882446,-0.03120400197803974,-0.9988390207290649,0,0.7645189762115479,-0.6427980065345764,0.04818299412727356,0,-0.6435549855232239,-0.7653999924659729,0.0002560089051257819,0,10.9128999710083,26.73270034790039,-2.7056000232696533,1,0.9519780278205872,0.3000769019126892,0.06075412407517433,0,-0.3061269521713257,0.9297680854797363,0.2044948935508728,0,0.004876835737377405,-0.21327294409275055,0.976980984210968,0,0,16.608800888061523,0,1,0.14975088834762573,0.9887239933013916,0,0,-0.9887239933013916,0.14975088834762573,0,0,0,0,1,0,0,32.327598571777344,0,1,0.7986289858818054,0.023736082017421722,-0.601356029510498,0,-0.3229852020740509,0.8600358963012695,-0.3949931561946869,0,0.5078119039535522,0.509681224822998,0.6945158839225769,0,0,28.022199630737305,0,1,0.8923519849777222,0.44812101125717163,-0.05380300059914589,0,-0.4032190144062042,0.845088005065918,0.35105499625205994,0,0.20278400182724,-0.2915700078010559,0.9348080158233643,0,-3.8598999977111816,6.27400016784668,3.206399917602539,1,0.9881680011749268,-0.15336699783802032,-0.0016629999736323953,0,0.15336400270462036,0.9878950119018555,0.02330699935555458,0,-0.0019310000352561474,-0.02328599989414215,0.9997270107269287,0,0,6.531899929046631,0,1,0.9994850158691406,-0.032072000205516815,0.0006130000110715628,0,0.03206900134682655,0.9985960125923157,-0.04216200113296509,0,0.0007399999885819852,0.042160000652074814,0.999110996723175,0,0,7.500800132751465,0,1,0.9999359846115112,-0.011265999637544155,-0.000526999996509403,0,0.011265999637544155,0.9955689907073975,0.09335900098085403,0,-0.000526999996509403,-0.09335900098085403,0.995631992816925,0,0,18.109699249267578,0,1,0.9999359846115112,-0.011266999877989292,-0.000526999996509403,0,0.011266999877989292,0.9955689907073975,0.09335900098085403,0,-0.000526999996509403,-0.09335900098085403,0.995631992816925,0,0,4.183700084686279,0,1,0.9999840259552002,-0.005638999864459038,-0.0001320000010309741,0,0.005638999864459038,0.9988920092582703,0.046730998903512955,0,-0.0001320000010309741,-0.046730998903512955,0.9989070296287537,0,0,3.831899881362915,0,1,0.06174905598163605,0.02337798662483692,0.9978179931640625,0,-0.7687510251998901,-0.6364880204200745,0.062486037611961365,0,0.6365600228309631,-0.7709320187568665,-0.021331043913960457,0,-10.9128999710083,26.732999801635742,-2.7056000232696533,1,0.8548879623413086,-0.513865053653717,0.07147900760173798,0,0.3922860622406006,0.7303990125656128,0.559131920337677,0,-0.3395270109176636,-0.44995489716529846,0.8259920477867126,0,0,16.608600616455078,0,1,-0.0002030976756941527,-1,0,0,1,-0.0002030976756941527,0,0,0,0,1,0,0,32.327598571777344,0,1,0.977556049823761,-0.007749960292130709,0.21053171157836914,0,0.02929193153977394,0.9946169853210449,-0.09939500689506531,0,-0.20862871408462524,0.10333099216222763,0.9725210666656494,0,0,28.022199630737305,0,1,0.8521350026130676,-0.5216119885444641,0.04227399826049805,0,0.4761359989643097,0.8062869906425476,0.35099199414253235,0,-0.21716700494289398,-0.27896401286125183,0.9354239702224731,0,3.8598999977111816,6.27400016784668,3.2070000171661377,1,0.8599799871444702,0.4990920126438141,-0.10649699717760086,0,-0.49666300415992737,0.8664939999580383,0.05014500021934509,0,0.11730600148439407,0.009770000353455544,0.9930480122566223,0,0,6.531799793243408,0,1,0.9828069806098938,0.17410899698734283,-0.06146100163459778,0,-0.17667600512504578,0.9834920167922974,-0.039108000695705414,0,0.053637001663446426,0.04929399862885475,0.9973430037498474,0,0,7.500999927520752,0,1,0.9999780058860779,0.006641999818384647,0.00018099999579135329,0,-0.006641999818384647,0.9984909892082214,0.05450500175356865,0,0.00018099999579135329,-0.05450500175356865,0.9985139966011047,0,0,18.109600067138672,0,1,1,0,0,0,0,1,0,0,0,0,1,0,0,4.184000015258789,0,1,1,0,0,0,0,1,0,0,0,0,1,0,0,3.8320000171661377,0,1,-0.8674560189247131,-0.30210602283477783,0.39528799057006836,0,0.48461297154426575,-0.3333188593387604,0.8087330460548401,0,-0.11256609857082367,0.8931010365486145,0.43554386496543884,0,13.025899887084961,-7.138299942016602,0.8583999872207642,1,0.9938859939575195,-0.09246800094842911,-0.06033699959516525,0,-0.01754901558160782,0.40722087025642395,-0.913161039352417,0,0.10900899767875671,0.9086370468139648,0.4031088948249817,0,0,35.90399932861328,0,1,0.9062749743461609,-0.4161580502986908,-0.07401201128959656,0,0.25365403294563293,0.39538297057151794,0.8827980160713196,0,-0.3381200432777405,-0.8188310265541077,0.46388599276542664,0,0,40.588401794433594,0,1,1,0.0000019999999949504854,0,0,0,0.7022049427032471,0.7119740843772888,0,0,-0.7119740843772888,0.7022049427032471,0,0,24,0,1,-0.9056929349899292,0.18274100124835968,-0.38252612948417664,0,-0.4232681095600128,-0.4403618574142456,0.7917870283126831,0,-0.023757992312312126,0.8790260553359985,0.47618088126182556,0,-13.025899887084961,-7.138199806213379,0.8583999872207642,1,0.987883985042572,0.136054128408432,0.07465895265340805,0,0.01758492924273014,0.37984588742256165,-0.9248820543289185,0,-0.15419310331344604,0.9149900078773499,0.3728518784046173,0,0,35.90399932861328,0,1,0.9146199822425842,0.37495696544647217,0.1512550562620163,0,-0.2741660177707672,0.3002169728279114,0.9136210083961487,0,0.29715895652770996,-0.8770849704742432,0.3773849904537201,0,0,40.588401794433594,0,1,1,0,0,0,0,0.7056169509887695,0.7085930705070496,0,0,-0.7085930705070496,0.7056169509887695,0,0,24,0,1
K0.100,0.9528459906578064,-0.049688998609781265,0.299358993768692,0,-0.03574899956583977,0.961251974105835,0.2733420133590698,0,-0.3013420104980469,-0.27115398645401,0.9141489863395691,0,10.304186820983887,84.33777618408203,-5.180253028869629,1,0.9983810186386108,-0.029656000435352325,0.04854600131511688,0,0.01941400021314621,0.9797559976577759,0.19925400614738464,0,-0.05347299948334694,-0.19798800349235535,0.9787449836730957,0,0,14.65250015258789,0.4325000047683716,1,0.9994609951972961,-0.004561000037938356,0.03249699994921684,0,-0.0014050001045688987,0.9834359884262085,0.1812489926815033,0,-0.03278600051999092,-0.18119700253009796,0.9829000234603882,0,0,10.372599601745605,0,1,0.9995759725570679,-0.003984999842941761,0.028852999210357666,0,0.00028199987718835473,0.991877019405365,0.1271969974040985,0,-0.029124999418854713,-0.1271349936723709,0.991457998752594,0,0,10.089500427246094,0,1,0.9996690154075623,-0.023220999166369438,-0.011044000275433064,0,0.022530000656843185,0.9980040192604065,-0.05899199843406677,0,0.012392000295221806,0.058722998946905136,0.9981970191001892,0,0,31.684999465942383,0.24639999866485596,1,0.9980729818344116,0.030368000268936157,-0.05412000045180321,0,-0.061177998781204224,0.6278250217437744,-0.7759460210800171,0,0.010413999669253826,0.7777619957923889,0.6284729838371277,0,0,11.408900260925293,1.9208999872207642,1,0.03570299968123436,-0.03135700151324272,-0.9988700151443481,0,0.7622519731521606,-0.6455339789390564,0.04751100018620491,0,-0.6462950110435486,-0.7630869746208191,0.0008549999911338091,0,10.9128999710083,26.73270034790039,-2.7056000232696533,1,0.9497449994087219,0.3094039857387543,0.0474650003015995,0,-0.3121750056743622,0.9250580072402954,0.21636700630187988,0,0.023036999627947807,-0.2203110009431839,0.9751579761505127,0,0,16.608800888061523,0,1,0.1606989949941635,0.9870030283927917,0,0,-0.9870030283927917,0.1606989949941635,0,0,0,0,1,0,0,32.327598571777344,0,1,0.797353982925415,0.018000999465584755,-0.6032440066337585,0,-0.3063269853591919,0.8732960224151611,-0.3788360059261322,0,0.5199909806251526,0.48685699701309204,0.7018399834632874,0,0,28.022199630737305,0,1,0.8923529982566833,0.44812101125717163,-0.05380300059914589,0,-0.4032190144062042,0.845088005065918,0.35105499625205994,0,0.20278400182724,-0.2915700078010559,0.9348080158233643,0,-3.8598999977111816,6.27400016784668,3.206399917602539,1,0.9881680011749268,-0.15336699783802032,-0.0016629999736323953,0,0.15336300432682037,0.9878950119018555,0.02330699935555458,0,-0.0019310000352561474,-0.02328599989414215,0.9997270107269287,0,0,6.531899929046631,0,1,0.9994850158691406,-0.032072000205516815,0.0006130000110715628,0,0.03206900134682655,0.9985960125923157,-0.04216200113296509,0,0.0007399999885819852,0.042160000652074814,0.999110996723175,0,0,7.500800132751465,0,1,0.9999359846115112,-0.011265999637544155,-0.000526999996509403,0,0.011265999637544155,0.9955689907073975,0.09335900098085403,0,-0.000526999996509403,-0.09335900098085403,0.995631992816925,0,0,18.109699249267578,0,1,0.9999359846115112,-0.011265999637544155,-0.000526999996509403,0,0.011265999637544155,0.9955689907073975,0.09335900098085403,0,-0.000526999996509403,-0.09335900098085403,0.995631992816925,0,0,4.183700084686279,0,1,0.9999840259552002,-0.005640000104904175,-0.0001320000010309741,0,0.005640000104904175,0.9988920092582703,0.046730998903512955,0,-0.0001320000010309741,-0.046730998903512955,0.9989070296287537,0,0,3.831899881362915,0,1,0.05442800000309944,0.024985000491142273,0.9982050061225891,0,-0.7670130133628845,-0.6390209794044495,0.0578170008957386,0,0.6393190026283264,-0.7687829732894897,-0.015616999939084053,0,-10.9128999710083,26.732999801635742,-2.7056000232696533,1,0.8595460057258606,-0.5062180161476135,0.0701730027794838,0,0.3836880028247833,0.7299119830131531,0.5656960010528564,0,-0.3375850021839142,-0.45931699872016907,0.8216230273246765,0,0,16.608600616455078,0,1,0.009593999944627285,-0.9999539852142334,0,0,0.9999539852142334,0.009593999944627285,0,0,0,0,1,0,0,32.327598571777344,0,1,0.9705089926719666,-0.014042000286281109,0.2406570017337799,0,0.03908199816942215,0.9942600131034851,-0.09959500283002853,0,-0.2378769963979721,0.10606300085783005,0.965487003326416,0,0,28.022199630737305,0,1,0.8521350026130676,-0.5216119885444641,0.04227399826049805,0,0.4761359989643097,0.8062869906425476,0.35099199414253235,0,-0.21716700494289398,-0.2789649963378906,0.9354239702224731,0,3.8598999977111816,6.27400016784668,3.2070000171661377,1,0.8599799871444702,0.4990920126438141,-0.10649699717760086,0,-0.49666300415992737,0.8664939999580383,0.05014500021934509,0,0.11730600148439407,0.009770000353455544,0.9930480122566223,0,0,6.531799793243408,0,1,0.9828060269355774,0.17410899698734283,-0.06146100163459778,0,-0.17667600512504578,0.9834920167922974,-0.039108000695705414,0,0.053637001663446426,0.04929500073194504,0.9973430037498474,0,0,7.500999927520752,0,1,0.9999780058860779,0.006641999818384647,0.00018099999579135329,0,-0.006641999818384647,0.9984909892082214,0.05450500175356865,0,0.00018099999579135329,-0.05450500175356865,0.9985129833221436,0,0,18.109600067138672,0,1,1,0,0,0,0,1,0,0,0,0,1,0,0,4.184000015258789,0,1,1,0,0,0,0,1,0,0,0,0,1,0,0,3.8320000171661377,0,1,-0.8687570095062256,-0.30070701241493225,0.39349299669265747,0,0.48429399728775024,-0.34972599148750305,0.8019670248031616,0,-0.10354200005531311,0.8872810006141663,0.4494580030441284,0,13.025899887084961,-7.138299942016602,0.8583999872207642,1,0.9942269921302795,-0.09117499738931656,-0.056575000286102295,0,-0.01297099981456995,0.4212630093097687,-0.9068459868431091,0,0.10651499778032303,0.9023439884185791,0.41764798760414124,0,0,35.90399932861328,0,1,0.9102370142936707,-0.408255010843277,-0.06926000118255615,0,0.25030601024627686,0.4092229902744293,0.8774300217628479,0,-0.3298720121383667,-0.8160049915313721,0.47467800974845886,0,0,40.588401794433594,0,1,1,0.0000019999999949504854,0,0,0,0.7021809816360474,0.7119979858398438,0,0,-0.7119979858398438,0.7021809816360474,0,0,24,0,1,-0.9115930199623108,0.18462899327278137,-0.36730000376701355,0,-0.4105769991874695,-0.4536519944667816,0.7909650206565857,0,-0.020591000095009804,0.8718439936637878,0.4893510043621063,0,-13.025899887084961,-7.138199806213379,0.8583999872207642,1,0.9900749921798706,0.11724700033664703,0.07748500257730484,0,0.025245999917387962,0.39399999380111694,-0.9187639951705933,0,-0.13825200498104095,0.9116010069847107,0.3871299922466278,0,0,35.90399932861328,0,1,0.9135919809341431,0.3804979920387268,0.14342400431632996,0,-0.27360600233078003,0.314285010099411,0.9090459942817688,0,0.3008140027523041,-0.8697389960289001,0.39123499393463135,0,0,40.588401794433594,0,1,1,0,0,0,0,0.7071849703788757,0.7070279717445374,0,0,-0.7070279717445374,0.7071849703788757,0,0,24,0,1
