0.767,30,23,43
B0,mixamorig_Hips,-1,0.4817437529563904,0.06743352860212326,0.8737109303474426,0,-0.1975226104259491,0.9797182083129883,0.03329474478960037,0,-0.8537445664405823,-0.1886170655488968,0.4853041470050812,0,6.8848490715026855,88.26100158691406,-5.233016490936279,1
B1,mixamorig_Spine,0,0.9966045618057251,-0.08078625053167343,-0.015691028907895088,0,0.08188659697771072,0.9544093608856201,0.2870309352874756,0,-0.008207428269088268,-0.2873426079750061,0.9577897787094116,0,0,14.65250015258789,0.4325000047683716,1
B2,mixamorig_Spine1,1,0.9983896613121033,-0.054102253168821335,-0.017013050615787506,0,0.055740389972925186,0.9913403987884521,0.11875072121620178,0,0.01044689305126667,-0.11950921267271042,0.9927608966827393,0,0,10.372599601745605,0,1
B3,mixamorig_Spine2,2,0.9983247518539429,-0.05533502995967865,-0.01687503047287464,0,0.056296609342098236,0.9963735342025757,0.06351493299007416,0,0.0133053632453084,-0.06435973197221756,0.9978206753730774,0,0,10.089500427246094,0,1
B4,mixamorig_Neck,3,0.9965318441390991,0.056565333157777786,-0.06098015606403351,0,-0.07869014889001846,0.8747135996818542,-0.476249098777771,0,0.026415906846523285,0.4793979227542877,0.8761301040649414,0,0,31.684999465942383,0.24639999866485596,1
B5,mixamorig_Head,4,0.6147732138633728,-0.34018561244010925,-0.7114737033843994,0,-0.07864570617675781,0.871081531047821,-0.48462629318237305,0,0.7846722602844238,0.3539254665374756,0.50870680809021,0,0,11.408900260925293,1.9208999872207642,1
B6,mixamorig_HeadTop_End,5,1,0,0,0,0,1,0,0,0,0,1,0,0.06040000170469284,36.99250030517578,6.669400215148926,1
B7,mixamorig_Reye,5,1,0,0,0,0,1,0,0,0,0,1,0,-5.297500133514404,11.923600196838379,11.889900207519531,1
B8,mixamorig_Leye,5,1,0,0,0,0,1,0,0,0,0,1,0,5.452600002288818,11.923600196838379,11.889900207519531,1
B9,mixamorig_LeftShoulder,3,0.07679568231105804,0.013161481358110905,-0.9969437718391418,0,0.6610812544822693,-0.749160885810852,0.0410316027700901,0,-0.7463592290878296,-0.6622307896614075,-0.06621499359607697,0,10.9128999710083,26.73270034790039,-2.7056000232696533,1
B10,mixamorig_LeftArm,9,0.699837327003479,-0.09592131525278091,0.7077846527099609,0,0.02498258277773857,0.9935858249664307,0.10990184545516968,0,-0.7138442993164062,-0.059195809066295624,0.6977460384368896,0,0,16.608800888061523,0,1
B11,mixamorig_LeftForeArm,10,0.43503421545028687,0.8991774916648865,0.042024511843919754,0,-0.8999211192131042,0.4334172308444977,0.04260086268186569,0,0.020095156505703926,-0.0562601275742054,0.9981982707977295,0,0,32.327598571777344,0,1
B12,mixamorig_LeftHand,11,0.9625458121299744,-0.1705329716205597,0.2096337378025055,0,0.1647748500108719,0.9849790334701538,0.04462761431932449,0,-0.21448957920074463,-0.008344768546521664,0.9765894412994385,0,0,28.022199630737305,0,1
B13,mixamorig_LeftHandThumb1,12,0.5184676647186279,0.7188630104064941,-0.46306300163269043,0,-0.19438500702381134,0.6264373660087585,0.7548450231552124,0,0.8327100276947021,-0.3013499975204468,0.4645240008831024,0,-3.8598999977111816,6.27400016784668,3.206399917602539,1
B14,mixamorig_LeftHandThumb2,13,0.8598359823226929,-0.5096043348312378,0.031397998332977295,0,0.5100889801979065,0.8547279834747314,-0.09617099910974503,0,0.022172654047608376,0.09870699793100357,0.9948689937591553,0,0,6.531899929046631,0,1
B15,mixamorig_LeftHandThumb3,14,0.7111786603927612,-0.6956009864807129,0.1018029972910881,0,0.6993539929389954,0.685267984867096,-0.20325399935245514,0,0.07162100076675415,0.21574600040912628,0.9738190174102783,0,0,7.500800132751465,0,1
B16,mixamorig_LeftHandThumb4,15,1,0,0,0,0,1,0,0,0,0,1,0,0,4.862299919128418,0,1
B17,mixamorig_LeftHandIndex1,12,0.9915750026702881,-0.04954834654927254,-0.11968199908733368,0,0.12869000434875488,0.48207199573516846,0.8666290044784546,0,0.014755000360310078,-0.8747296333312988,0.48438701033592224,0,0,18.109699249267578,0,1
B18,mixamorig_LeftHandIndex2,17,0.9808710217475891,-0.13294899463653564,-0.1421850025653839,0,0.1436930000782013,0.0017676543211564422,0.9896209836006165,0,-0.13131800293922424,-0.9911209940910339,0.020837653428316116,0,0,4.183700084686279,0,1
B19,mixamorig_LeftHandIndex3,18,0.9891480207443237,-0.1421699970960617,-0.037066999822854996,0,0.13083800673484802,0.7375839948654175,0.6624580025672913,0,-0.06684199720621109,-0.6601189970970154,0.7481809854507446,0,0,3.831899881362915,0,1
B20,mixamorig_LeftHandIndex4,19,1,0,0,0,0,1,0,0,0,0,1,0,0,4.86359977722168,0,1
B21,mixamorig_RightShoulder,3,0.05633023753762245,0.00031273928470909595,0.9983019828796387,0,-0.7301405072212219,-0.6818793416023254,0.04139648377895355,0,0.6808295845985413,-0.7314206957817078,-0.03824612498283386,0,-10.9128999710083,26.732999801635742,-2.7056000232696533,1
B22,mixamorig_RightArm,21,0.8640499711036682,0.49998119473457336,0.057757798582315445,0,-0.44324707984924316,0.7017325758934021,0.5576631426811218,0,0.2383219599723816,-0.5074079036712646,0.8280027508735657,0,0,16.608600616455078,0,1
B23,mixamorig_RightForeArm,22,0.7628965377807617,-0.5437060594558716,-0.34961652755737305,0,0.6003074645996094,0.7964944839477539,0.07128144055604935,0,0.23973144590854645,-0.26425066590309143,0.9341758489608765,0,0,32.327598571777344,0,1
B24,mixamorig_RightHand,23,0.9508680105209351,-0.130260169506073,-0.2803490161895752,0,0.06695409119129181,0.9719339609146118,-0.22414080798625946,0,0.30146926641464233,0.19453129172325134,0.9332102537155151,0,0,28.022199630737305,0,1
B25,mixamorig_RightHandThumb1,24,0.9066904187202454,-0.4062694311141968,-0.11339287459850311,0,0.3946784734725952,0.7223271131515503,0.5678666234016418,0,-0.14880046248435974,-0.5596330165863037,0.815272331237793,0,3.8598999977111816,6.27400016784668,3.2070000171661377,1
B26,mixamorig_RightHandThumb2,25,0.9063539505004883,0.415844589471817,-0.07480772584676743,0,-0.42105525732040405,0.903670608997345,-0.07805057615041733,0,0.03514443337917328,0.10223972797393799,0.9941390156745911,0,0,6.531799793243408,0,1
B27,mixamorig_RightHandThumb3,26,0.9617874622344971,-0.27368849515914917,0.007664580829441547,0,0.27323049306869507,0.9612231254577637,0.03735565394163132,0,-0.017591653391718864,-0.033834308385849,0.9992730021476746,0,0,7.500999927520752,0,1
B28,mixamorig_RightHandThumb4,27,1,0,0,0,0,1,0,0,0,0,1,0,0,4.862299919128418,0,1
B29,mixamorig_RightHandIndex1,24,0.9988202452659607,0.04273202270269394,0.0229799821972847,0,-0.044770099222660065,0.9942724108695984,0.09700284153223038,0,-0.018699821084737778,-0.09791842103004456,0.995016872882843,0,0,18.109600067138672,0,1
B30,mixamorig_RightHandIndex2,29,0.9999989867210388,0.0014778526965528727,0.0002201105235144496,0,-0.0014945438597351313,0.9900899529457092,0.14042256772518158,0,-0.000010184199709328823,-0.14042291045188904,0.9900909662246704,0,0,4.184000015258789,0,1
B31,mixamorig_RightHandIndex3,30,0.9993903636932373,0.03487288951873779,0.001658078981563449,0,-0.03487585112452507,0.9993893504142761,0.0016606752760708332,0,-0.0015994193963706493,-0.0017179840942844748,0.9999963641166687,0,0,3.8320000171661377,0,1
B32,mixamorig_RightHandIndex4,31,1,0,0,0,0,1,0,0,0,0,1,0,0,4.86299991607666,0,1
B33,mixamorig_LeftUpLeg,0,-0.9269774556159973,-0.22580139338970184,0.2995149791240692,0,0.37277063727378845,-0.6431676745414734,0.668844997882843,0,0.041619859635829926,0.7316716909408569,0.6803736090660095,0,13.025899887084961,-7.138299942016602,0.8583999872207642,1
B34,mixamorig_LeftLeg,33,0.9978236556053162,-0.0654367208480835,-0.0064887297339737415,0,0.044689979404211044,0.7474581599235535,-0.6627702116966248,0,0.048199787735939026,0.6610572934150696,0.7487579584121704,0,0,35.90399932861328,0,1
B35,mixamorig_LeftFoot,34,0.955322265625,-0.29446297883987427,-0.02529892325401306,0,0.21442893147468567,0.6316462755203247,0.7449949979782104,0,-0.20340849459171295,-0.7171410918235779,0.6665704846382141,0,0,40.588401794433594,0,1
B36,mixamorig_LeftToeBase,35,1,-0.000004999999873689376,-0.000007000000096013537,0,0.000008345613423443865,0.6816459894180298,0.7316820025444031,0,9.999999974752427e-7,-0.7316820025444031,0.6816459894180298,0,0,24,0,1
B37,mixamorig_LeftToe_End,36,1,0,0,0,0,1,0,0,0,0,1,0,0,14.832099914550781,0,1
B38,mixamorig_RightUpLeg,0,-0.8117730021476746,0.2763764262199402,-0.5144321918487549,0,-0.5560393333435059,-0.6349247694015503,0.5363149642944336,0,-0.17840461432933807,0.7214117050170898,0.6690891981124878,0,-13.025899887084961,-7.138199806213379,0.8583999872207642,1
B39,mixamorig_RightLeg,38,0.9966435432434082,-0.03834529221057892,0.07231087982654572,0,0.08080626279115677,0.6015853881835938,-0.7947102189064026,0,-0.013027851469814777,0.7978866100311279,0.6026639938354492,0,0,35.90399932861328,0,1
B40,mixamorig_RightFoot,39,0.923958957195282,0.3696730434894562,0.09817627817392349,0,-0.2619747221469879,0.42461079359054565,0.8666397333145142,0,0.27869030833244324,-0.826459527015686,0.48916757106781006,0,0,40.588401794433594,0,1
B41,mixamorig_RightToeBase,40,1,-0.000006000000212225132,-0.000005345613317331299,0,0.000007999999979801942,0.704721987247467,0.7094833850860596,0,0,-0.7094833850860596,0.704721987247467,0,0,24,0,1
B42,mixamorig_RightToe_End,41,1,0,0,0,0,1,0,0,0,0,1,0,0,14.831999778747559,0,1
@34,0,1,2,3,4,5,9,10,11,12,13,14,15,17,18,19,21,22,23,24,25,26,27,29,30,31,33,34,35,36,38,39,40,41
K0.000,0.46796199679374695,0.02993999980390072,0.8832409977912903,0,-0.0836540013551712,0.9964389801025391,0.010545000433921814,0,-0.8797799944877625,-0.07882100343704224,0.46880000829696655,0,2.055234909057617,88.02416229248047,-1.2397589683532715,1,0.9972019791603088,-0.0734419971704483,-0.013938999734818935,0,0.07451300323009491,0.9616360068321228,0.26401400566101074,0,-0.005985999945551157,-0.2643139958381653,0.9644179940223694,0,0,14.65250015258789,0.4325000047683716,1,0.9987589716911316,-0.047623999416828156,-0.014554999768733978,0,0.04909000173211098,0.9906929731369019,0.1269579976797104,0,0.00837399996817112,-0.1275150030851364,0.9918010234832764,0,0,10.372599601745605,0,1,0.9986900091171265,-0.04895000159740448,-0.014879000373184681,0,0.04989499971270561,0.9961770176887512,0.07170499861240387,0,0.011312000453472137,-0.07235299795866013,0.997314989566803,0,0,10.089500427246094,0,1,0.99754798412323,0.0636420026421547,-0.029117999598383904,0,-0.06533899903297424,0.995959997177124,-0.06159200146794319,0,0.02507999911904335,0.06334300339221954,0.9976770281791687,0,0,31.684999465942383,0.24639999866485596,1,0.5753989815711975,-0.23996999859809875,-0.7818760275840759,0,-0.024190999567508698,0.9505760073661804,-0.3095490038394928,0,0.8175150156021118,0.1970279961824417,0.541155993938446,0,0,11.408900260925293,1.9208999872207642,1,0.10699199885129929,-0.02028300054371357,-0.9940530061721802,0,0.6969299912452698,-0.711529016494751,0.08953099697828293,0,-0.7091130018234253,-0.7023640275001526,-0.06199200078845024,0,10.9128999710083,26.73270034790039,-2.7056000232696533,1,0.6861140131950378,-0.1133200004696846,0.7186139822006226,0,-0.009684000164270401,0.9862840175628662,0.16477499902248383,0,-0.7274289727210999,-0.1200139969587326,0.6756060123443604,0,0,16.608800888061523,0,1,0.6844199895858765,0.7290689945220947,-0.005129000172019005,0,-0.7290840148925781,0.6844220161437988,-0.0017999999690800905,0,0.0021979999728500843,0.004972000140696764,0.9999849796295166,0,0,32.327598571777344,0,1,0.983834981918335,0.0022819999139755964,0.17905999720096588,0,-0.0011099999537691474,0.9999769926071167,-0.006641999818384647,0,-0.17907099425792694,0.006335999816656113,0.9838160276412964,0,0,28.022199630737305,0,1,0.5184680223464966,0.7188630104064941,-0.46306300163269043,0,-0.19438500702381134,0.6264380216598511,0.7548440098762512,0,0.8327100276947021,-0.3013499975204468,0.4645240008831024,0,-3.8598999977111816,6.27400016784668,3.206399917602539,1,0.8598359823226929,-0.5096039772033691,0.031397998332977295,0,0.5100889801979065,0.8547279834747314,-0.09617099910974503,0,0.022173000499606133,0.09870699793100357,0.9948689937591553,0,0,6.531899929046631,0,1,0.7111780047416687,-0.6956009864807129,0.1018029972910881,0,0.6993539929389954,0.685267984867096,-0.20325399935245514,0,0.07162100076675415,0.21574600040912628,0.9738190174102783,0,0,7.500800132751465,0,1,0.9915750026702881,-0.04954800009727478,-0.11968199908733368,0,0.12869000434875488,0.48207199573516846,0.8666290044784546,0,0.01475599966943264,-0.8747289776802063,0.48438701033592224,0,0,18.109699249267578,0,1,0.9808710217475891,-0.13294999301433563,-0.1421850025653839,0,0.1436920017004013,0.001766999950632453,0.9896209836006165,0,-0.13131800293922424,-0.9911209940910339,0.020836999639868736,0,0,4.183700084686279,0,1,0.9891480207443237,-0.1421699970960617,-0.037066999822854996,0,0.13083800673484802,0.7375839948654175,0.6624580025672913,0,-0.06684199720621109,-0.6601189970970154,0.7481809854507446,0,0,3.831899881362915,0,1,0.18021400272846222,0.037824999541044235,0.9829000234603882,0,-0.729619026184082,-0.6650239825248718,0.15936799347400665,0,0.6596810221672058,-0.7458630204200745,-0.09224899858236313,0,-10.9128999710083,26.732999801635742,-2.7056000232696533,1,0.957955002784729,0.2860240042209625,0.02262900024652481,0,-0.27674999833106995,0.90031898021698,0.33590900897979736,0,0.07570499926805496,-0.3280490040779114,0.9416220188140869,0,0,16.608600616455078,0,1,0.7435889840126038,-0.5905309915542603,-0.31360599398612976,0,0.6374149918556213,0.7677109837532043,0.06574500352144241,0,0.20193499326705933,-0.24878500401973724,0.9472740292549133,0,0,32.327598571777344,0,1,0.8733749985694885,-0.18108400702476501,-0.4521329998970032,0,0.012461000122129917,0.9363170266151428,-0.3509339988231659,0,0.4868890047073364,0.30086299777030945,0.8200129866600037,0,0,28.022199630737305,0,1,0.9059399962425232,-0.4077480137348175,-0.11408200114965439,0,0.3962309956550598,0.721464991569519,0.5678820013999939,0,-0.14924700558185577,-0.5596699714660645,0.8151659965515137,0,3.8598999977111816,6.27400016784668,3.2070000171661377,1,0.9059039950370789,0.4168199896812439,-0.07483000308275223,0,-0.4220289885997772,0.9032189846038818,-0.07802099734544754,0,0.03506699949502945,0.10226000100374222,0.9941390156745911,0,0,6.531799793243408,0,1,0.9631789922714233,-0.2687529921531677,0.007575000170618296,0,0.26829901337623596,0.9626079797744751,0.037443000823259354,0,-0.017354000359773636,-0.03403199836611748,0.9992700219154358,0,0,7.500999927520752,0,1,0.9999560117721558,-0.009286999702453613,-0.0009560000034980476,0,0.009297999553382397,0.9998739957809448,0.012884000316262245,0,0.0008360000210814178,-0.012892000377178192,0.9999169707298279,0,0,18.109600067138672,0,1,0.9999989867210388,0.0015239999629557133,0.00034500000765547156,0,-0.0015480000292882323,0.9960730075836182,0.08851999789476395,0,-0.00020900000527035445,-0.08851999789476395,0.9960740208625793,0,0,4.184000015258789,0,1,0.9993879795074463,0.03497600182890892,-0.00007000000186963007,0,-0.03493700176477432,0.998166024684906,-0.04944099858403206,0,-0.0016599999507889152,0.04941299930214882,0.9987769722938538,0,0,3.8320000171661377,0,1,-0.8897169828414917,-0.23164400458335876,0.3933750092983246,0,0.43190398812294006,-0.7062159776687622,0.5609970092773438,0,0.1478559970855713,0.6690289974212646,0.7283809781074524,0,13.025899887084961,-7.138299942016602,0.8583999872207642,1,0.9919319748878479,-0.06859499961137772,-0.10660699754953384,0,-0.03726400062441826,0.6460279822349548,-0.7624030113220215,0,0.12116800248622894,0.7602249979972839,0.638260006904602,0,0,35.90399932861328,0,1,0.9529079794883728,-0.2861439883708954,-0.10044100135564804,0,0.23853899538516998,0.5027170181274414,0.8308879733085632,0,-0.1872600018978119,-0.8157190084457397,0.5472999811172485,0,0,40.588401794433594,0,1,1,-0.000006000000212225132,-0.000007000000096013537,0,0.000009000000318337698,0.6816459894180298,0.7316820025444031,0,0,-0.7316820025444031,0.6816459894180298,0,0,24,0,1,-0.7833700180053711,0.34316200017929077,-0.5182390213012695,0,-0.5590900182723999,-0.7533280253410339,0.3462879955768585,0,-0.27157101035118103,0.5610139966011047,0.7819929718971252,0,-13.025899887084961,-7.138199806213379,0.8583999872207642,1,0.994966983795166,-0.004503999836742878,0.10010399669408798,0,0.07858499884605408,0.6548939943313599,-0.7516239881515503,0,-0.062171999365091324,0.7557079792022705,0.651951014995575,0,0,35.90399932861328,0,1,0.9120370149612427,0.38488999009132385,0.14159199595451355,0,-0.29379698634147644,0.37231001257896423,0.8803799748420715,0,0.2861329913139343,-0.8445389866828918,0.45263901352882385,0,0,40.588401794433594,0,1,1,-0.000004999999873689376,-0.000006000000212225132,0,0.000007999999979801942,0.704721987247467,0.7094830274581909,0,0,-0.7094830274581909,0.704721987247467,0,0,24,0,1
K0.033,0.3882937431335449,-0.01606813259422779,0.9213951230049133,0,0.10205495357513428,0.9944478273391724,-0.025665201246738434,0,-0.9158669114112854,0.10399796068668365,0.38777774572372437,0,1.5077077150344849,88.1880111694336,0.17669008672237396,1,0.9959719777107239,-0.08827006071805954,-0.01576598919928074,0,0.08924005925655365,0.9586371183395386,0.27027952671051025,0,-0.008743981830775738,-0.27059751749038696,0.9626531004905701,0,0,14.65250015258789,0.4325000047683716,1,0.9989079833030701,-0.04093797877430916,-0.02251000702381134,0,0.04378797486424446,0.9883670806884766,0.14564968645572662,0,0.01628502458333969,-0.14647668600082397,0.9890800714492798,0,0,10.372599601745605,0,1,0.9987850189208984,-0.042332980781793594,-0.025242002680897713,0,0.04445597529411316,0.9949060082435608,0.09047968685626984,0,0.021283017471432686,-0.09149269014596939,0.9955779910087585,0,0,10.089500427246094,0,1,0.9998299479484558,0.0013788252836093307,0.018392734229564667,0,-0.004976822528988123,0.9803856611251831,0.19702717661857605,0,-0.017760109156370163,-0.1970851570367813,0.980225682258606,0,0,31.684999465942383,0.24639999866485596,1,0.6327603459358215,0.15302273631095886,-0.7590774893760681,0,-0.17790484428405762,0.9827858209609985,0.049820080399513245,0,0.7536333799362183,0.10351943224668503,0.6490915417671204,0,0,11.408900260925293,1.9208999872207642,1,0.12868978083133698,-0.021332016214728355,-0.9914550185203552,0,0.6913570165634155,-0.7148259878158569,0.10511685162782669,0,-0.7109599709510803,-0.698976993560791,-0.07724282145500183,0,10.9128999710083,26.73270034790039,-2.7056000232696533,1,0.6759990453720093,-0.025454990565776825,0.736461877822876,0,-0.09261982142925262,0.988542914390564,0.11918443441390991,0,-0.7310587763786316,-0.14877921342849731,0.6658961772918701,0,0,16.608800888061523,0,1,0.8106313943862915,0.5582786798477173,-0.17663931846618652,0,-0.5740319490432739,0.8172116279602051,-0.05150008574128151,0,0.11560031026601791,0.14314450323581696,0.9829276204109192,0,0,32.327598571777344,0,1,0.9772537350654602,-0.07502841204404831,0.19835607707500458,0,0.07773426175117493,0.9969567656517029,-0.005879112984985113,0,-0.19731122255325317,0.021164419129490852,0.9801119565963745,0,0,28.022199630737305,0,1,0.5184680223464966,0.7188630104064941,-0.46306300163269043,0,-0.19438399374485016,0.6264380216598511,0.7548450231552124,0,0.8327100276947021,-0.3013499975204468,0.4645240008831024,0,-3.8598999977111816,6.27400016784668,3.206399917602539,1,0.8598359823226929,-0.5096049904823303,0.031397998332977295,0,0.5100889801979065,0.8547279834747314,-0.09617199748754501,0,0.022173000499606133,0.09870799630880356,0.9948689937591553,0,0,6.531899929046631,0,1,0.7111790180206299,-0.6956009864807129,0.1018029972910881,0,0.6993529796600342,0.6852689981460571,-0.20325399935245514,0,0.07162100076675415,0.21574600040912628,0.9738190174102783,0,0,7.500800132751465,0,1,0.9915750026702881,-0.04954800009727478,-0.11968199908733368,0,0.12869000434875488,0.48207199573516846,0.8666290044784546,0,0.014755000360310078,-0.8747289776802063,0.48438701033592224,0,0,18.109699249267578,0,1,0.9808710217475891,-0.13294899463653564,-0.1421850025653839,0,0.1436920017004013,0.001766999950632453,0.9896209836006165,0,-0.13131800293922424,-0.9911209940910339,0.020836999639868736,0,0,4.183700084686279,0,1,0.9891480207443237,-0.1421699970960617,-0.037066999822854996,0,0.13083699345588684,0.7375839948654175,0.6624580025672913,0,-0.06684199720621109,-0.6601189970970154,0.7481809854507446,0,0,3.831899881362915,0,1,0.14126557111740112,0.05184305086731911,0.9886130690574646,0,-0.7802004218101501,-0.6088674664497375,0.143413707613945,0,0.6093695163726807,-0.7915763854980469,-0.04556361958384514,0,-10.9128999710083,26.732999801635742,-2.7056000232696533,1,0.8123025894165039,-0.13974489271640778,0.5662473440170288,0,0.0504973828792572,0.9840759038925171,0.17042167484760284,0,-0.581045389175415,-0.10983948409557343,0.8064248561859131,0,0,16.608600616455078,0,1,0.8125004172325134,-0.46943825483322144,-0.3456439971923828,0,0.538622260093689,0.8313243985176086,0.137064129114151,0,0.2229992002248764,-0.29753589630126953,0.928301990032196,0,0,32.327598571777344,0,1,0.3064335882663727,-0.1338214874267578,-0.9424375295639038,0,-0.22076401114463806,0.9530822038650513,-0.20711487531661987,0,0.9259374737739563,0.2715235650539398,0.26251381635665894,0,0,28.022199630737305,0,1,0.9057080149650574,-0.4082059860229492,-0.11428499966859818,0,0.3967039883136749,0.7211930155754089,0.5678970217704773,0,-0.14939700067043304,-0.559686005115509,0.8151270151138306,0,3.8598999977111816,6.27400016784668,3.2070000171661377,1,0.9057769775390625,0.4170930087566376,-0.07483600080013275,0,-0.4223020076751709,0.9030920267105103,-0.07801300287246704,0,0.03504500165581703,0.10226599872112274,0.9941400289535522,0,0,6.531799793243408,0,1,0.9635909795761108,-0.2672770321369171,0.007501001004129648,0,0.2668260335922241,0.9630159735679626,0.03746800124645233,0,-0.01723800227046013,-0.034102000296115875,0.9992700219154358,0,0,7.500999927520752,0,1,0.9977409839630127,-0.06693510711193085,-0.0057709370739758015,0,0.06715308874845505,0.9961938858032227,0.05556989088654518,0,0.002029863651841879,-0.05583188310265541,0.9984379410743713,0,0,18.109600067138672,0,1,0.9999989867210388,0.0014709999086335301,0.00021100070443935692,0,-0.0014850000152364373,0.9933779239654541,0.11488254368305206,0,-0.00003999989712610841,-0.11488354206085205,0.9933789372444153,0,0,4.184000015258789,0,1,0.9993910193443298,0.03488700091838837,0.0008030180470086634,0,-0.034860000014305115,0.9991359710693359,-0.022638456895947456,0,-0.0015919990837574005,0.022596456110477448,0.9997429847717285,0,0,3.8320000171661377,0,1,-0.7879926562309265,-0.29138144850730896,0.5423692464828491,0,0.5267701745033264,-0.7750932574272156,0.34891802072525024,0,0.31871846318244934,0.5606493353843689,0.7642582654953003,0,13.025899887084961,-7.138299942016602,0.8583999872207642,1,0.9732609391212463,-0.06687094271183014,-0.21975235641002655,0,-0.13321837782859802,0.615034818649292,-0.7771650552749634,0,0.18712513148784637,0.7856591939926147,0.5896807909011841,0,0,35.90399932861328,0,1,0.9495930075645447,-0.270580917596817,-0.15829816460609436,0,0.2696210741996765,0.44733771681785583,0.852756142616272,0,-0.15992695093154907,-0.8524521589279175,0.49774369597435,0,0,40.588401794433594,0,1,1,-0.000005999990207783412,-0.000007000000096013537,0,0.000008999990313895978,0.6816459894180298,0.7316820025444031,0,0,-0.7316820025444031,0.6816459894180298,0,0,24,0,1,-0.7629278302192688,0.39609646797180176,-0.5109298825263977,0,-0.5412629842758179,-0.8235341310501099,0.1697809398174286,0,-0.35351836681365967,0.40607813000679016,0.8426892161369324,0,-13.025899887084961,-7.138199806213379,0.8583999872207642,1,0.9858359694480896,0.049102190881967545,0.1603652834892273,0,0.07730298489332199,0.7155233025550842,-0.6942986845970154,0,-0.14883637428283691,0.6968616247177124,0.7015922665596008,0,0,35.90399932861328,0,1,0.9181639552116394,0.34900397062301636,0.18753819167613983,0,-0.32937121391296387,0.40929117798805237,0.8508788347244263,0,0.22020280361175537,-0.8430159687995911,0.49074819684028625,0,0,40.588401794433594,0,1,1,-0.000006000000212225132,-0.000005000009878131095,0,0.000007999999979801942,0.704721987247467,0.7094830274581909,0,0,-0.7094830274581909,0.704721987247467,0,0,24,0,1
K0.067,0.361775279045105,-0.029208868741989136,0.9318078756332397,0,0.19717206060886383,0.9792962074279785,-0.04585479944944382,0,-0.9111760854721069,0.20031604170799255,0.3600442707538605,0,1.4861931800842285,88.01924896240234,1.2846909761428833,1,0.9954270124435425,-0.09438794106245041,-0.014702009968459606,0,0.09528093785047531,0.9700238704681396,0.2235504686832428,0,-0.006839019246399403,-0.22392946481704712,0.9745818972587585,0,0,14.65250015258789,0.4325000047683716,1,0.9989809989929199,-0.03864702209830284,-0.023315992206335068,0,0.0410730242729187,0.9925639629364014,0.11458730697631836,0,0.018713975325226784,-0.11542830616235733,0.993139922618866,0,0,10.372599601745605,0,1,0.9988510012626648,-0.04057001695036888,-0.025495998561382294,0,0.04202302172780037,0.9973539710044861,0.05932131037116051,0,0.023021982982754707,-0.06032430753111839,0.9979130029678345,0,0,10.089500427246094,0,1,0.9932120442390442,-0.11602582782506943,-0.008191735483705997,0,0.11271382868289948,0.9426863789558411,0.3140658438205719,0,-0.0287178922444582,-0.31285783648490906,0.9493653178215027,0,0,31.684999465942383,0.24639999866485596,1,0.6707846522331238,0.22579926252365112,-0.7064435482025146,0,-0.2631341516971588,0.9630171656608582,0.05795491859316826,0,0.6934025883674622,0.1470135748386383,0.7053924798965454,0,0,11.408900260925293,1.9208999872207642,1,0.105842225253582,-0.023060983046889305,-0.9941160082817078,0,0.6929389834403992,-0.7153099775314331,0.09037014842033386,0,-0.7131850123405457,-0.6984260082244873,-0.059730175882577896,0,10.9128999710083,26.73270034790039,-2.7056000232696533,1,0.682219922542572,0.07535400241613388,0.7272531390190125,0,-0.1748971790075302,0.9826160669326782,0.06225356459617615,0,-0.7099202275276184,-0.16966579854488373,0.6835398077964783,0,0,16.608800888061523,0,1,0.850204586982727,0.4267203211784363,-0.30831968784332275,0,-0.4650600850582123,0.8832433223724365,-0.059996914118528366,0,0.24671970307826996,0.19439749419689178,0.9493883848190308,0,0,32.327598571777344,0,1,0.954126238822937,-0.21683558821678162,0.2064589262008667,0,0.20378774404525757,0.9755102396011353,0.08276112377643585,0,-0.21934877336025238,-0.0368904210627079,0.974949061870575,0,0,28.022199630737305,0,1,0.5184680223464966,0.7188630104064941,-0.46306300163269043,0,-0.19438500702381134,0.6264380216598511,0.7548440098762512,0,0.8327100276947021,-0.3013499975204468,0.4645240008831024,0,-3.8598999977111816,6.27400016784668,3.206399917602539,1,0.8598359823226929,-0.5096039772033691,0.031397998332977295,0,0.5100889801979065,0.8547279834747314,-0.09617099910974503,0,0.022173000499606133,0.09870699793100357,0.9948689937591553,0,0,6.531899929046631,0,1,0.7111790180206299,-0.6956009864807129,0.1018029972910881,0,0.6993529796600342,0.685267984867096,-0.20325399935245514,0,0.07162100076675415,0.21574600040912628,0.9738190174102783,0,0,7.500800132751465,0,1,0.9915750026702881,-0.04954800009727478,-0.11968199908733368,0,0.12869000434875488,0.48207199573516846,0.8666290044784546,0,0.014755000360310078,-0.8747289776802063,0.48438701033592224,0,0,18.109699249267578,0,1,0.9808710217475891,-0.13294899463653564,-0.14218400418758392,0,0.1436920017004013,0.001766999950632453,0.9896209836006165,0,-0.13131800293922424,-0.9911209940910339,0.0208359993994236,0,0,4.183700084686279,0,1,0.9891480207443237,-0.1421709954738617,-0.037066999822854996,0,0.13083800673484802,0.7375839948654175,0.6624580025672913,0,-0.06684199720621109,-0.6601189970970154,0.7481809854507446,0,0,3.831899881362915,0,1,0.09766542911529541,0.05710894614458084,0.9935789108276367,0,-0.8226755857467651,-0.5571895241737366,0.11289230734109879,0,0.5600594878196716,-0.8284186720848083,-0.007436378858983517,0,-10.9128999710083,26.732999801635742,-2.7056000232696533,1,0.6697954535484314,-0.2294101119041443,0.7062186002731323,0,0.18858963251113892,0.9724491238594055,0.13703133165836334,0,-0.7181976437568665,0.04140249639749527,0.6946061253547668,0,0,16.608600616455078,0,1,0.851310670375824,-0.39460375905036926,-0.34577101469039917,0,0.46524372696876526,0.8724075555801392,0.14984287321567535,0,0.24252480268478394,-0.2884300947189331,0.9262769818305969,0,0,32.327598571777344,0,1,0.06538639962673187,-0.08271750807762146,-0.9944254755973816,0,-0.2222829908132553,0.9703108072280884,-0.09532810747623444,0,0.972786545753479,0.22727744281291962,0.04505816102027893,0,0,28.022199630737305,0,1,0.9058669805526733,-0.4078949987888336,-0.11413600295782089,0,0.396373987197876,0.721373975276947,0.5678970217704773,0,-0.1493069976568222,-0.5596799850463867,0.8151479959487915,0,3.8598999977111816,6.27400016784668,3.2070000171661377,1,0.9056220054626465,0.41742900013923645,-0.07484299689531326,0,-0.4226379990577698,0.9029359817504883,-0.07800199836492538,0,0.03501800075173378,0.10227199643850327,0.9941400289535522,0,0,6.531799793243408,0,1,0.9629560112953186,-0.26955097913742065,0.007583999074995518,0,0.2690959572792053,0.9623860120773315,0.03742799907922745,0,-0.01738699898123741,-0.034001000225543976,0.9992709755897522,0,0,7.500999927520752,0,1,0.9970300197601318,-0.07701290398836136,0.0004999376833438873,0,0.07613391429185867,0.9865891337394714,0.14438211917877197,0,-0.011612864211201668,-0.1439151167869568,0.9895220398902893,0,0,18.109600067138672,0,1,0.9999989867210388,0.0014580001588910818,0.0002809992874972522,0,-0.001484000007621944,0.9855680465698242,0.16927047073841095,0,-0.00003000009928655345,-0.16927047073841095,0.9855690598487854,0,0,4.184000015258789,0,1,0.9993919730186462,0.03477799892425537,0.002606982132419944,0,-0.03484300151467323,0.9988880157470703,0.03175045922398567,0,-0.0015000009443610907,-0.031822461634874344,0.9994919896125793,0,0,3.8320000171661377,0,1,-0.7534673810005188,-0.3367195427417755,0.5647177696228027,0,0.5450958013534546,-0.8001787662506104,0.2501709759235382,0,0.3676375150680542,0.4963206350803375,0.7864527702331543,0,13.025899887084961,-7.138299942016602,0.8583999872207642,1,0.9647950530052185,-0.06085506081581116,-0.2558656334877014,0,-0.17095062136650085,0.5942081809043884,-0.7859339118003845,0,0.19986487925052643,0.8020058274269104,0.5628852248191833,0,0,35.90399932861328,0,1,0.9489610195159912,-0.2629660964012146,-0.17413383722305298,0,0.2744719386100769,0.4165753126144409,0.8666778802871704,0,-0.15536704659461975,-0.8702378273010254,0.4674902856349945,0,0,40.588401794433594,0,1,1,-0.000005000009878131095,-0.000007000000096013537,0,0.000008000009984243661,0.6816459894180298,0.7316820025444031,0,0,-0.7316820025444031,0.6816459894180298,0,0,24,0,1,-0.7433741688728333,0.4446835219860077,-0.49965211749076843,0,-0.5438560247421265,-0.8366968631744385,0.06449203938245773,0,-0.3893786370754242,0.319679856300354,0.8638217449188232,0,-13.025899887084961,-7.138199806213379,0.8583999872207642,1,0.9797240495681763,0.06793981045484543,0.18848171830177307,0,0.07569601386785507,0.7455027103424072,-0.662190318107605,0,-0.18550264835357666,0.6630303859710693,0.7252437472343445,0,0,35.90399932861328,0,1,0.9148000478744507,0.3465270400047302,0.20750780403614044,0,-0.35058680176734924,0.42611581087112427,0.8339751958847046,0,0.2005721926689148,-0.8356700539588928,0.5112988352775574,0,0,40.588401794433594,0,1,1,-0.000006000000212225132,-0.000005999990207783412,0,0.000007999999979801942,0.704721987247467,0.7094839811325073,0,0,-0.7094839811325073,0.704721987247467,0,0,24,0,1
K0.100,0.37734198570251465,-0.01691499911248684,0.9259200096130371,0,0.18086199462413788,0.9819260239601135,-0.055769000202417374,0,-0.9082409739494324,0.18850800395011902,0.3735809922218323,0,1.4292559623718262,87.61969757080078,1.6121159791946411,1,0.9954630136489868,-0.09318099915981293,-0.01927799917757511,0,0.09514600038528442,0.9773880243301392,0.18883800506591797,0,0.0012459997087717056,-0.1898149996995926,0.9818189740180969,0,0,14.65250015258789,0.4325000047683716,1,0.9980829954147339,-0.05363599956035614,-0.030875999480485916,0,0.05590600147843361,0.9953789710998535,0.07807199656963348,0,0.026545999571681023,-0.07964900135993958,0.9964690208435059,0,0,10.372599601745605,0,1,0.997937023639679,-0.05585600063204765,-0.03164200112223625,0,0.05658499896526337,0.9981409907341003,0.02264300175011158,0,0.03031899966299534,-0.024387001991271973,0.9992430210113525,0,0,10.089500427246094,0,1,0.98750901222229,-0.1574310064315796,0.006421999540179968,0,0.15752199292182922,0.9855309724807739,-0.06257398426532745,0,0.0035219986457377672,0.06280398368835449,0.9980199933052063,0,0,31.684999465942383,0.24639999866485596,1,0.7112370133399963,0.18401400744915009,-0.6784399747848511,0,-0.24311800301074982,0.9699620008468628,0.008213002234697342,0,0.6595720052719116,0.15909899771213531,0.7346100211143494,0,0,11.408900260925293,1.9208999872207642,1,0.076384998857975,-0.021355999633669853,-0.9968500137329102,0,0.6985870003700256,-0.712211012840271,0.06878799945116043,0,-0.7114369869232178,-0.7016400098800659,-0.039482999593019485,0,10.9128999710083,26.73270034790039,-2.7056000232696533,1,0.697393000125885,0.16136400401592255,0.6982870101928711,0,-0.2713859975337982,0.9612269997596741,0.04891299828886986,0,-0.6633189916610718,-0.22361700236797333,0.7141450047492981,0,0,16.608800888061523,0,1,0.8031359910964966,0.479981005191803,-0.3529750108718872,0,-0.5240349769592285,0.8509690165519714,-0.03519599884748459,0,0.2834770083427429,0.21323800086975098,0.9349709749221802,0,0,32.327598571777344,0,1,0.932744026184082,-0.32070401310920715,0.16473600268363953,0,0.27350500226020813,0.9271050095558167,0.2562650144100189,0,-0.23491300642490387,-0.19397300481796265,0.9524660110473633,0,0,28.022199630737305,0,1,0.5184680223464966,0.7188630104064941,-0.46306300163269043,0,-0.19438500702381134,0.6264380216598511,0.7548440098762512,0,0.8327100276947021,-0.3013499975204468,0.4645240008831024,0,-3.8598999977111816,6.27400016784668,3.206399917602539,1,0.8598359823226929,-0.5096039772033691,0.031397998332977295,0,0.5100889801979065,0.8547279834747314,-0.09617099910974503,0,0.022172000259160995,0.09870799630880356,0.9948689937591553,0,0,6.531899929046631,0,1,0.7111790180206299,-0.6956009864807129,0.1018029972910881,0,0.6993539929389954,0.685267984867096,-0.20325399935245514,0,0.07162100076675415,0.21574600040912628,0.9738190174102783,0,0,7.500800132751465,0,1,0.9915750026702881,-0.04954899847507477,-0.11968199908733368,0,0.12869000434875488,0.48207199573516846,0.8666290044784546,0,0.014755000360310078,-0.8747299909591675,0.48438701033592224,0,0,18.109699249267578,0,1,0.9808710217475891,-0.13294899463653564,-0.1421850025653839,0,0.1436920017004013,0.001766999950632453,0.9896209836006165,0,-0.13131800293922424,-0.9911209940910339,0.020836999639868736,0,0,4.183700084686279,0,1,0.9891480207443237,-0.1421699970960617,-0.037066999822854996,0,0.13083800673484802,0.7375839948654175,0.6624580025672913,0,-0.06684199720621109,-0.6601189970970154,0.7481809854507446,0,0,3.831899881362915,0,1,0.04091700538992882,0.05907600000500679,0.9974150061607361,0,-0.8478760123252869,-0.5260779857635498,0.06594099849462509,0,0.5286139845848083,-0.8483819961547852,0.028563998639583588,0,-10.9128999710083,26.732999801635742,-2.7056000232696533,1,0.8738930225372314,-0.26430800557136536,0.40798598527908325,0,0.17769500613212585,0.9548749923706055,0.2379869967699051,0,-0.45247799158096313,-0.13547798991203308,0.8814250230789185,0,0,16.608600616455078,0,1,0.8265979886054993,-0.3981879949569702,-0.39772099256515503,0,0.4687590003013611,0.8782020211219788,0.09500399976968765,0,0.3114500045776367,-0.2649649977684021,0.9125750064849854,0,0,32.327598571777344,0,1,0.3732230067253113,-0.02063000202178955,-0.927511990070343,0,-0.01274700928479433,0.9995440244674683,-0.027361003682017326,0,0.9276540279388428,0.022035010159015656,0.37279000878334045,0,0,28.022199630737305,0,1,0.9059439897537231,-0.4077399969100952,-0.11407600343227386,0,0.39621999859809875,0.7214679718017578,0.5678849816322327,0,-0.14924700558185577,-0.5596709847450256,0.8151649832725525,0,3.8598999977111816,6.27400016784668,3.2070000171661377,1,0.9057360291481018,0.4171830117702484,-0.07483699917793274,0,-0.42239201068878174,0.9030500054359436,-0.07801000028848648,0,0.035036999732255936,0.10226699709892273,0.9941400289535522,0,0,6.531799793243408,0,1,0.9631860256195068,-0.26872900128364563,0.007567999884486198,0,0.2682749927043915,0.9626139998435974,0.03744399920105934,0,-0.017347000539302826,-0.03403500095009804,0.9992700219154358,0,0,7.500999927520752,0,1,0.9953020215034485,-0.09677600115537643,-0.0028879998717457056,0,0.0961339995265007,0.9842749834060669,0.14819499850273132,0,-0.011498999781906605,-0.14777599275112152,0.9889540076255798,0,0,18.109600067138672,0,1,0.9999989867210388,0.0014570000348612666,0.00028899998869746923,0,-0.0014850000152364373,0.985090970993042,0.17202499508857727,0,-0.00003400000059627928,-0.17202599346637726,0.9850919842720032,0,0,4.184000015258789,0,1,0.9993910193443298,0.03477500006556511,0.0027310000732541084,0,-0.03484899923205376,0.9987859725952148,0.03482300043106079,0,-0.0015170000260695815,-0.03489699959754944,0.9993900060653687,0,0,3.8320000171661377,0,1,-0.7821589708328247,-0.3198949992656708,0.5346909761428833,0,0.5219789743423462,-0.8050140142440796,0.2819400131702423,0,0.3402419984340668,0.4996199905872345,0.7966279983520508,0,13.025899887084961,-7.138299942016602,0.8583999872207642,1,0.9690920114517212,-0.05924300104379654,-0.23947900533676147,0,-0.16280899941921234,0.5757359862327576,-0.8012620210647583,0,0.18534600734710693,0.8154860138893127,0.5482959747314453,0,0,35.90399932861328,0,1,0.950689971446991,-0.26248699426651,-0.16519199311733246,0,0.26424500346183777,0.4066939949989319,0.8745139837265015,0,-0.16236600279808044,-0.8750429749488831,0.45600101351737976,0,0,40.588401794433594,0,1,1,-0.000004999999873689376,-0.000007000000096013537,0,0.000007999999979801942,0.6816459894180298,0.7316820025444031,0,0,-0.7316820025444031,0.6816459894180298,0,0,24,0,1,-0.7369679808616638,0.45764100551605225,-0.497435986995697,0,-0.5630099773406982,-0.822845995426178,0.07710099965333939,0,-0.3740290105342865,0.33688199520111084,0.8640679717063904,0,-13.025899887084961,-7.138199806213379,0.8583999872207642,1,0.9811149835586548,0.06552600115537643,0.18198999762535095,0,0.07729800045490265,0.7296559810638428,-0.6794310212135315,0,-0.1773110032081604,0.680666983127594,0.710811972618103,0,0,35.90399932861328,0,1,0.9113100171089172,0.3568919897079468,0.2052849978208542,0,-0.3504810035228729,0.4108169972896576,0.8416600227355957,0,0.216048002243042,-0.8389620184898376,0.4994660019874573,0,0,40.588401794433594,0,1,1,-0.000004999999873689376,-0.000006000000212225132,0,0.000007999999979801942,0.704721987247467,0.7094830274581909,0,0,-0.7094830274581909,0.704721987247467,0,0,24,0,1
