1.000,30,30,43
B0,mixamorig_Hips,-1,0.6653647422790527,0.08927261829376221,0.7410718202590942,0,-0.15693417191505432,0.9873400926589966,0.021849021315574646,0,-0.7297476530075073,-0.13082538545131683,0.6709452271461487,0,8.513870239257812,82.26773834228516,-115.2453384399414,1
B1,mixamorig_Spine,0,0.999538779258728,0.002799195470288396,-0.030195847153663635,0,0.005763872526586056,0.9600399732589722,0.2797980308532715,0,0.02977227419614792,-0.27984440326690674,0.9595831036567688,0,0,14.65250015258789,0.4325000047683716,1
B2,mixamorig_Spine1,1,0.997210681438446,0.06369774788618088,-0.03883398696780205,0,-0.06210637092590332,0.9972299933433533,0.04089042544364929,0,0.041330769658088684,-0.038368210196495056,0.9984075427055359,0,0,10.372599601745605,0,1
B3,mixamorig_Spine2,2,0.9972593188285828,0.06088491901755333,-0.04196590930223465,0,-0.06153448671102524,0.9980002045631409,-0.014370929449796677,0,0.04100663587450981,0.016911210492253304,0.9990140199661255,0,0,10.089500427246094,0,1
B4,mixamorig_Neck,3,0.9341399073600769,0.14379824697971344,-0.32657548785209656,0,-0.1155981570482254,0.987787127494812,0.10421738773584366,0,0.33756205439567566,-0.0596332773566246,0.9393885135650635,0,0,31.684999465942383,0.24639999866485596,1
B5,mixamorig_Head,4,0.8084407448768616,-0.48600760102272034,-0.3319847881793976,0,0.3729516565799713,0.8593519330024719,-0.34978389739990234,0,0.4552934765815735,0.1589604914188385,0.8759912252426147,0,0,11.408900260925293,1.9208999872207642,1
B6,mixamorig_HeadTop_End,5,1,0,0,0,0,1,0,0,0,0,1,0,0.06040000170469284,36.99250030517578,6.669400215148926,1
B7,mixamorig_Reye,5,1,0,0,0,0,1,0,0,0,0,1,0,-5.297500133514404,11.923600196838379,11.889900207519531,1
B8,mixamorig_Leye,5,1,0,0,0,0,1,0,0,0,0,1,0,5.452600002288818,11.923600196838379,11.889900207519531,1
B9,mixamorig_LeftShoulder,3,0.0918850302696228,-0.035471949726343155,-0.9951176643371582,0,0.701698899269104,-0.7067448496818542,0.08999074250459671,0,-0.7064942121505737,-0.7065747380256653,-0.0400390625,0,10.9128999710083,26.73270034790039,-2.7056000232696533,1
B10,mixamorig_LeftArm,9,0.61529141664505,-0.5476279854774475,0.566987156867981,0,0.36313459277153015,0.8353261947631836,0.4127272367477417,0,-0.6996612548828125,-0.04807555675506592,0.7128378748893738,0,0,16.608800888061523,0,1
B11,mixamorig_LeftForeArm,10,0.15834873914718628,0.49351564049720764,-0.8551068305969238,0,-0.9612287282943726,0.2750634551048279,-0.019281284883618355,0,0.225712388753891,0.8250015377998352,0.5179426074028015,0,0,32.327598571777344,0,1
B12,mixamorig_LeftHand,11,0.6955246925354004,0.2951553165912628,0.6550589203834534,0,-0.0768505185842514,0.9370454549789429,-0.34061580896377563,0,-0.7143676280975342,0.18655936419963837,0.6744400858879089,0,0,28.022199630737305,0,1
B13,mixamorig_LeftHandThumb1,12,0.5184670090675354,0.7188640236854553,-0.46306201815605164,0,-0.19438599050045013,0.6264370083808899,0.7548450231552124,0,0.8327100276947021,-0.30134904384613037,0.4645240008831024,0,-3.8598999977111816,6.27400016784668,3.206399917602539,1
B14,mixamorig_LeftHandThumb2,13,0.8598360419273376,-0.5096039175987244,0.03139898553490639,0,0.5100879669189453,0.8547289967536926,-0.09617199748754501,0,0.022172000259160995,0.09870799630880356,0.9948689937591553,0,0,6.531899929046631,0,1
B15,mixamorig_LeftHandThumb3,14,0.7111779451370239,-0.6956020593643188,0.1018030121922493,0,0.6993540525436401,0.6852669715881348,-0.20325493812561035,0,0.07162195444107056,0.21574696898460388,0.9738190174102783,0,0,7.500800132751465,0,1
B16,mixamorig_LeftHandThumb4,15,1,0,0,0,0,1,0,0,0,0,1,0,0,4.862299919128418,0,1
B17,mixamorig_LeftHandIndex1,12,0.9915750026702881,-0.04954800009727478,-0.11968298256397247,0,0.12869000434875488,0.48207399249076843,0.8666279911994934,0,0.01475599966943264,-0.8747289776802063,0.48438897728919983,0,0,18.109699249267578,0,1
B18,mixamorig_LeftHandIndex2,17,0.9808710217475891,-0.13294899463653564,-0.14218401908874512,0,0.1436920166015625,0.0017659999430179596,0.9896209836006165,0,-0.13131800293922424,-0.9911209940910339,0.0208359993994236,0,0,4.183700084686279,0,1
B19,mixamorig_LeftHandIndex3,18,0.9891480207443237,-0.14216893911361694,-0.037064969539642334,0,0.1308349370956421,0.7375830411911011,0.6624599695205688,0,-0.0668419823050499,-0.660120964050293,0.7481800317764282,0,0,3.831899881362915,0,1
B20,mixamorig_LeftHandIndex4,19,1,0,0,0,0,1,0,0,0,0,1,0,0,4.86359977722168,0,1
B21,mixamorig_RightShoulder,3,0.23502391576766968,0.05099505931138992,0.9706365466117859,0,-0.538540780544281,-0.8244830369949341,0.1737310141324997,0,0.8091338276863098,-0.5635727047920227,-0.1663007140159607,0,-10.9128999710083,26.732999801635742,-2.7056000232696533,1
B22,mixamorig_RightArm,21,0.9176425337791443,0.29858893156051636,-0.26186707615852356,0,-0.2988912761211395,0.9534385204315186,0.039781637489795685,0,0.2615874707698822,0.04169400781393051,0.9641926288604736,0,0,16.608600616455078,0,1
B23,mixamorig_RightForeArm,22,0.6652275919914246,-0.5322614312171936,-0.5235112309455872,0,0.6294957399368286,0.7769138813018799,0.010066177695989609,0,0.4013909697532654,-0.33620771765708923,0.851911723613739,0,0,32.327598571777344,0,1
B24,mixamorig_RightHand,23,0.9806654453277588,-0.0030174788553267717,-0.19561521708965302,0,-0.027090132236480713,0.9880298376083374,-0.15122954547405243,0,0.1936834454536438,0.15359777212142944,0.9688706994056702,0,0,28.022199630737305,0,1
B25,mixamorig_RightHandThumb1,24,0.8734273314476013,-0.36185434460639954,-0.3258518874645233,0,0.46701034903526306,0.8119903206825256,0.35009631514549255,0,0.13790588080883026,-0.45796486735343933,0.8782057762145996,0,3.8598999977111816,6.27400016784668,3.2070000171661377,1
B26,mixamorig_RightHandThumb2,25,0.9026057124137878,0.4229118824005127,-0.08029649406671524,0,-0.42843958735466003,0.900672972202301,-0.07231089472770691,0,0.04173976182937622,0.09967047721147537,0.9941449761390686,0,0,6.531799793243408,0,1
B27,mixamorig_RightHandThumb3,26,0.9517510533332825,-0.3067079782485962,0.009853485971689224,0,0.3062782287597656,0.9514238834381104,0.03134625777602196,0,-0.01898861676454544,-0.026816999539732933,0.9994599223136902,0,0,7.500999927520752,0,1
B28,mixamorig_RightHandThumb4,27,1,0,0,0,0,1,0,0,0,0,1,0,0,4.862299919128418,0,1
B29,mixamorig_RightHandIndex1,24,0.9983717203140259,-0.05563333258032799,0.012385450303554535,0,0.05628499016165733,0.9965897798538208,-0.060306522995233536,0,-0.008986130356788635,0.06090710684657097,0.9981006979942322,0,0,18.109600067138672,0,1
B30,mixamorig_RightHandIndex2,29,0.9999989867210388,0.0015509850345551968,-0.00014526504673995078,0,-0.0015509549994021654,0.9999925494194031,0.002901235595345497,0,0.0001496250624768436,-0.002901235595345497,0.9999935626983643,0,0,4.184000015258789,0,1
B31,mixamorig_RightHandIndex3,30,0.9993990063667297,0.03368663415312767,-0.008139584213495255,0,-0.03442356362938881,0.992112398147583,-0.12050910294055939,0,0.004015795420855284,0.12071698158979416,0.9926764369010925,0,0,3.8320000171661377,0,1
B32,mixamorig_RightHandIndex4,31,1,0,0,0,0,1,0,0,0,0,1,0,0,4.86299991607666,0,1
B33,mixamorig_LeftUpLeg,0,-0.9232860803604126,-0.09758729487657547,0.371232271194458,0,0.3702153265476227,-0.48290514945983887,0.7933819890022278,0,0.10169655084609985,0.8700619339942932,0.48199501633644104,0,13.025899887084961,-7.138299942016602,0.8583999872207642,1
B34,mixamorig_LeftLeg,33,0.9958399534225464,-0.011327872984111309,0.0868554413318634,0,0.08493809401988983,0.36302319169044495,-0.9278486371040344,0,-0.02104600891470909,0.9315062165260315,0.3623120188713074,0,0,35.90399932861328,0,1
B35,mixamorig_LeftFoot,34,0.9871625304222107,-0.15085947513580322,-0.05237390100955963,0,0.12070080637931824,0.4900434613227844,0.8632874488830566,0,-0.10457935929298401,-0.8585312366485596,0.5019604563713074,0,0,40.588401794433594,0,1
B36,mixamorig_LeftToeBase,35,0.9988433718681335,-0.028244348242878914,0.0389079712331295,0,-0.00903996080160141,0.6844870448112488,0.7289690971374512,0,-0.04722137376666069,-0.7284773588180542,0.6834398508071899,0,0,24,0,1
B37,mixamorig_LeftToe_End,36,1,0,0,0,0,1,0,0,0,0,1,0,0,14.832099914550781,0,1
B38,mixamorig_RightUpLeg,0,-0.6396201252937317,0.5755404829978943,-0.5094937682151794,0,-0.7299532890319824,-0.6622465252876282,0.16823752224445343,0,-0.24067583680152893,0.47959673404693604,0.84369295835495,0,-13.025899887084961,-7.138199806213379,0.8583999872207642,1
B39,mixamorig_RightLeg,38,0.9870615601539612,-0.15888884663581848,-0.01686030998826027,0,0.10300326347351074,0.7131596803665161,-0.6933684349060059,0,0.12217335402965546,0.6826366186141968,0.7203491926193237,0,0,35.90399932861328,0,1
B40,mixamorig_RightFoot,39,0.888148307800293,0.45351675152778625,0.0695088803768158,0,-0.29728683829307556,0.453651487827301,0.8399762511253357,0,0.3494565486907959,-0.7666944861412048,0.5381439924240112,0,0,40.588401794433594,0,1
B41,mixamorig_RightToeBase,40,0.9983471632003784,0.037782780826091766,-0.04273521527647972,0,0.005263210274279118,0.685259997844696,0.7282712459564209,0,0.05679904296994209,-0.7272960543632507,0.6839262843132019,0,0,24,0,1
B42,mixamorig_RightToe_End,41,1,0,0,0,0,1,0,0,0,0,1,0,0,14.831999778747559,0,1
@34,0,1,2,3,4,5,9,10,11,12,13,14,15,17,18,19,21,22,23,24,25,26,27,29,30,31,33,34,35,36,38,39,40,41
K0.000,0.46796199679374695,0.02993999980390072,0.8832409977912903,0,-0.0836540013551712,0.9964389801025391,0.010545000433921814,0,-0.8797799944877625,-0.07882100343704224,0.46880000829696655,0,2.055234909057617,88.02416229248047,-1.2397589683532715,1,0.9972019791603088,-0.0734419971704483,-0.013938999734818935,0,0.07451300323009491,0.9616360068321228,0.26401400566101074,0,-0.005985999945551157,-0.2643139958381653,0.9644179940223694,0,0,14.65250015258789,0.4325000047683716,1,0.9987589716911316,-0.047623999416828156,-0.014554999768733978,0,0.04909000173211098,0.9906929731369019,0.1269579976797104,0,0.00837399996817112,-0.1275150030851364,0.9918010234832764,0,0,10.372599601745605,0,1,0.9986900091171265,-0.04895000159740448,-0.014879000373184681,0,0.04989499971270561,0.9961770176887512,0.07170499861240387,0,0.011312000453472137,-0.07235299795866013,0.997314989566803,0,0,10.089500427246094,0,1,0.99754798412323,0.0636420026421547,-0.029117999598383904,0,-0.06533899903297424,0.995959997177124,-0.06159200146794319,0,0.02507999911904335,0.06334300339221954,0.9976770281791687,0,0,31.684999465942383,0.24639999866485596,1,0.5753989815711975,-0.23996999859809875,-0.7818760275840759,0,-0.024190999567508698,0.9505760073661804,-0.3095490038394928,0,0.8175150156021118,0.1970279961824417,0.541155993938446,0,0,11.408900260925293,1.9208999872207642,1,0.10699199885129929,-0.02028300054371357,-0.9940530061721802,0,0.6969299912452698,-0.711529016494751,0.08953099697828293,0,-0.7091130018234253,-0.7023640275001526,-0.06199200078845024,0,10.9128999710083,26.73270034790039,-2.7056000232696533,1,0.6861140131950378,-0.1133200004696846,0.7186139822006226,0,-0.009684000164270401,0.9862840175628662,0.16477499902248383,0,-0.7274289727210999,-0.1200139969587326,0.6756060123443604,0,0,16.608800888061523,0,1,0.6844199895858765,0.7290689945220947,-0.005129000172019005,0,-0.7290840148925781,0.6844220161437988,-0.0017999999690800905,0,0.0021979999728500843,0.004972000140696764,0.9999849796295166,0,0,32.327598571777344,0,1,0.983834981918335,0.0022819999139755964,0.17905999720096588,0,-0.0011099999537691474,0.9999769926071167,-0.006641999818384647,0,-0.17907099425792694,0.006335999816656113,0.9838160276412964,0,0,28.022199630737305,0,1,0.5184680223464966,0.7188630104064941,-0.46306300163269043,0,-0.19438500702381134,0.6264380216598511,0.7548440098762512,0,0.8327100276947021,-0.3013499975204468,0.4645240008831024,0,-3.8598999977111816,6.27400016784668,3.206399917602539,1,0.8598359823226929,-0.5096039772033691,0.031397998332977295,0,0.5100889801979065,0.8547279834747314,-0.09617099910974503,0,0.022173000499606133,0.09870699793100357,0.9948689937591553,0,0,6.531899929046631,0,1,0.7111780047416687,-0.6956019997596741,0.1018029972910881,0,0.6993539929389954,0.685267984867096,-0.20325399935245514,0,0.07162100076675415,0.21574600040912628,0.9738190174102783,0,0,7.500800132751465,0,1,0.9915750026702881,-0.04954800009727478,-0.11968199908733368,0,0.12869000434875488,0.48207199573516846,0.8666290044784546,0,0.01475599966943264,-0.8747289776802063,0.48438701033592224,0,0,18.109699249267578,0,1,0.9808710217475891,-0.13294999301433563,-0.1421850025653839,0,0.1436920017004013,0.001766999950632453,0.9896209836006165,0,-0.13131800293922424,-0.9911209940910339,0.020836999639868736,0,0,4.183700084686279,0,1,0.9891480207443237,-0.1421699970960617,-0.037066999822854996,0,0.13083800673484802,0.7375839948654175,0.6624580025672913,0,-0.06684199720621109,-0.6601189970970154,0.7481809854507446,0,0,3.831899881362915,0,1,0.18021400272846222,0.037824999541044235,0.9829000234603882,0,-0.729619026184082,-0.6650239825248718,0.15936799347400665,0,0.6596810221672058,-0.7458630204200745,-0.09224899858236313,0,-10.9128999710083,26.732999801635742,-2.7056000232696533,1,0.957955002784729,0.2860240042209625,0.02262900024652481,0,-0.27674999833106995,0.90031898021698,0.33590900897979736,0,0.07570499926805496,-0.3280490040779114,0.9416220188140869,0,0,16.608600616455078,0,1,0.7435889840126038,-0.5905309915542603,-0.31360599398612976,0,0.6374149918556213,0.7677109837532043,0.06574500352144241,0,0.20193499326705933,-0.24878500401973724,0.9472740292549133,0,0,32.327598571777344,0,1,0.8733749985694885,-0.18108400702476501,-0.4521329998970032,0,0.012461000122129917,0.9363170266151428,-0.3509339988231659,0,0.4868890047073364,0.30086299777030945,0.8200129866600037,0,0,28.022199630737305,0,1,0.9059399962425232,-0.4077480137348175,-0.11408200114965439,0,0.3962309956550598,0.721464991569519,0.5678820013999939,0,-0.14924700558185577,-0.5596699714660645,0.8151659965515137,0,3.8598999977111816,6.27400016784668,3.2070000171661377,1,0.9059039950370789,0.4168199896812439,-0.07483000308275223,0,-0.4220289885997772,0.9032189846038818,-0.07802099734544754,0,0.03506699949502945,0.10226000100374222,0.9941390156745911,0,0,6.531799793243408,0,1,0.9631789922714233,-0.2687529921531677,0.007575000170618296,0,0.26829901337623596,0.9626079797744751,0.037443000823259354,0,-0.017354000359773636,-0.03403199836611748,0.9992700219154358,0,0,7.500999927520752,0,1,0.9999560117721558,-0.009286999702453613,-0.0009560000034980476,0,0.009297999553382397,0.9998739957809448,0.012884000316262245,0,0.0008360000210814178,-0.012892000377178192,0.9999169707298279,0,0,18.109600067138672,0,1,0.9999989867210388,0.0015239999629557133,0.00034500000765547156,0,-0.0015480000292882323,0.9960730075836182,0.08851999789476395,0,-0.00020900000527035445,-0.08851999789476395,0.9960740208625793,0,0,4.184000015258789,0,1,0.9993879795074463,0.03497600182890892,-0.00007000000186963007,0,-0.03493700176477432,0.998166024684906,-0.04944099858403206,0,-0.0016599999507889152,0.04941299930214882,0.9987769722938538,0,0,3.8320000171661377,0,1,-0.8897169828414917,-0.23164400458335876,0.3933750092983246,0,0.43190398812294006,-0.7062159776687622,0.5609970092773438,0,0.1478559970855713,0.6690289974212646,0.7283809781074524,0,13.025899887084961,-7.138299942016602,0.8583999872207642,1,0.9919319748878479,-0.06859499961137772,-0.10660699754953384,0,-0.03726400062441826,0.6460279822349548,-0.7624030113220215,0,0.12116800248622894,0.7602249979972839,0.638260006904602,0,0,35.90399932861328,0,1,0.9529079794883728,-0.2861439883708954,-0.10044100135564804,0,0.23853899538516998,0.5027170181274414,0.8308879733085632,0,-0.1872600018978119,-0.8157190084457397,0.5472999811172485,0,0,40.588401794433594,0,1,1,-0.000006000000212225132,-0.000007000000096013537,0,0.000009000000318337698,0.6816459894180298,0.7316820025444031,0,0,-0.7316820025444031,0.6816459894180298,0,0,24,0,1,-0.7833700180053711,0.34316200017929077,-0.5182390213012695,0,-0.5590900182723999,-0.7533280253410339,0.3462879955768585,0,-0.27157101035118103,0.5610139966011047,0.7819929718971252,0,-13.025899887084961,-7.138199806213379,0.8583999872207642,1,0.994966983795166,-0.004503999836742878,0.10010399669408798,0,0.07858499884605408,0.6548939943313599,-0.7516239881515503,0,-0.062171999365091324,0.7557079792022705,0.651951014995575,0,0,35.90399932861328,0,1,0.9120370149612427,0.38488999009132385,0.14159199595451355,0,-0.29379698634147644,0.37231001257896423,0.8803799748420715,0,0.2861329913139343,-0.8445389866828918,0.45263901352882385,0,0,40.588401794433594,0,1,1,-0.000004999999873689376,-0.000006000000212225132,0,0.000007999999979801942,0.704721987247467,0.7094830274581909,0,0,-0.7094830274581909,0.704721987247467,0,0,24,0,1
K0.033,0.4388972520828247,0.08176355063915253,0.8948098421096802,0,-0.04055134579539299,0.9966388940811157,-0.07117795944213867,0,-0.8976218700408936,-0.005045956466346979,0.44073712825775146,0,0.924599826335907,87.71481323242188,-3.7563345432281494,1,0.99863201379776,-0.04604792222380638,-0.0247538760304451,0,0.05077389255166054,0.9670700430870056,0.24939371645450592,0,0.012453911826014519,-0.25030869245529175,0.9680860638618469,0,0,14.65250015258789,0.4325000047683716,1,0.9986720085144043,-0.037895724177360535,-0.034906789660453796,0,0.04108869656920433,0.9945500493049622,0.09582334756851196,0,0.031084824353456497,-0.09713032841682434,0.9947860836982727,0,0,10.372599601745605,0,1,0.9985820055007935,-0.03992372006177902,-0.03520279750227928,0,0.04134470224380493,0.9983189702033997,0.04061134159564972,0,0.03352181613445282,-0.04200932756066322,0.9985550045967102,0,0,10.089500427246094,0,1,0.9837037920951843,-0.1517108827829361,-0.09649024158716202,0,0.16864368319511414,0.9646276235580444,0.20261409878730774,0,0.0623374879360199,-0.21558530628681183,0.9744925498962402,0,0,31.684999465942383,0.24639999866485596,1,0.7224106788635254,-0.16252213716506958,-0.6720927953720093,0,0.06515762209892273,0.9836600422859192,-0.16782748699188232,0,0.6883864998817444,0.07744791358709335,0.7211966514587402,0,0,11.408900260925293,1.9208999872207642,1,0.07836396247148514,-0.018775714561343193,-0.9967479705810547,0,0.6721929907798767,-0.7373620271682739,0.0667370930314064,0,-0.7362170219421387,-0.6752369999885559,-0.04516142979264259,0,10.9128999710083,26.73270034790039,-2.7056000232696533,1,0.7197030186653137,-0.14565494656562805,0.6788314580917358,0,0.0095797348767519,0.9797361493110657,0.20006240904331207,0,-0.6942158341407776,-0.13748234510421753,0.7065142393112183,0,0,16.608800888061523,0,1,0.673469603061676,0.7291174530982971,-0.12175393104553223,0,-0.7345449924468994,0.6785600185394287,0.00046093511627987027,0,0.0829533189535141,0.08912365138530731,0.9925589561462402,0,0,32.327598571777344,0,1,0.9833989143371582,0.018819812685251236,0.18048004806041718,0,0.0010255833622068167,0.9940145611763,-0.10923890024423599,0,-0.18145625293254852,0.1076107770204544,0.9774935841560364,0,0,28.022199630737305,0,1,0.5184680223464966,0.7188630104064941,-0.46306300163269043,0,-0.19438500702381134,0.6264380216598511,0.7548440098762512,0,0.8327100276947021,-0.3013499975204468,0.4645240008831024,0,-3.8598999977111816,6.27400016784668,3.206399917602539,1,0.8598359823226929,-0.5096039772033691,0.031397998332977295,0,0.5100880265235901,0.8547289967536926,-0.09617199748754501,0,0.022173000499606133,0.09870799630880356,0.9948689937591553,0,0,6.531899929046631,0,1,0.7111769914627075,-0.6956030130386353,0.10180400311946869,0,0.6993550062179565,0.6852669715881348,-0.20325399935245514,0,0.07162199914455414,0.21574699878692627,0.9738190174102783,0,0,7.500800132751465,0,1,0.9915750026702881,-0.04954800009727478,-0.11968199908733368,0,0.12869000434875488,0.4820750057697296,0.8666269779205322,0,0.01475599966943264,-0.8747280240058899,0.484389990568161,0,0,18.109699249267578,0,1,0.9808710217475891,-0.13294999301433563,-0.14218400418758392,0,0.1436920017004013,0.0017659999430179596,0.9896209836006165,0,-0.13131900131702423,-0.9911209940910339,0.0208359993994236,0,0,4.183700084686279,0,1,0.9891480207443237,-0.1421699970960617,-0.03706600144505501,0,0.13083699345588684,0.7375829815864563,0.6624600291252136,0,-0.06684199720621109,-0.6601210236549377,0.7481799721717834,0,0,3.831899881362915,0,1,0.24023106694221497,0.039504166692495346,0.9699116349220276,0,-0.6900981068611145,-0.6957435607910156,0.19926269352436066,0,0.6826813817024231,-0.7172033786773682,-0.13987788558006287,0,-10.9128999710083,26.732999801635742,-2.7056000232696533,1,0.9677863121032715,0.2471640259027481,-0.047940418124198914,0,-0.23703134059906006,0.9586551189422607,0.15745900571346283,0,0.08487813919782639,-0.14102321863174438,0.9863608479499817,0,0,16.608600616455078,0,1,0.7234243750572205,-0.6613959074020386,-0.1980215162038803,0,0.6793137788772583,0.7330992221832275,0.03314380347728729,0,0.12324804812669754,-0.15849584341049194,0.9796372056007385,0,0,32.327598571777344,0,1,0.9451603889465332,-0.06172866374254227,-0.32071805000305176,0,-0.036821700632572174,0.9555759429931641,-0.29243597388267517,0,0.3245217502117157,0.28820812702178955,0.9009004831314087,0,0,28.022199630737305,0,1,0.9089729189872742,-0.38089078664779663,-0.1693815439939499,0,0.4113481044769287,0.7537572979927063,0.512486457824707,0,-0.06752821058034897,-0.535510778427124,0.8418241739273071,0,3.8598999977111816,6.27400016784668,3.2070000171661377,1,0.8859167695045471,0.4572044014930725,-0.07820002734661102,0,-0.4624803960323334,0.8835847973823547,-0.07340695708990097,0,0.035534001886844635,0.1011979952454567,0.9942309856414795,0,0,6.531799793243408,0,1,0.9975089430809021,-0.06893105804920197,0.01493907906115055,0,0.06831205636262894,0.9969169497489929,0.038584012538194656,0,-0.017553001642227173,-0.037467047572135925,0.9991440176963806,0,0,7.500999927520752,0,1,0.9999949932098389,-0.0030459407716989517,-0.0005929907783865929,0,0.0030749402940273285,0.9984229207038879,0.056046415120363235,0,0.0004219953261781484,-0.05604741349816322,0.9984279274940491,0,0,18.109600067138672,0,1,0.9999989867210388,0.0014549997868016362,0.0005260010366328061,0,-0.001547000021673739,0.9461749792098999,0.3236500918865204,0,-0.000026997427994501777,-0.3236510753631592,0.9461759924888611,0,0,4.184000015258789,0,1,0.9994040131568909,0.03451000526547432,0.00010700141865527257,0,-0.03433999419212341,0.9941487908363342,0.10241443663835526,0,0.0034280489198863506,-0.10235743224620819,0.9947417378425598,0,0,3.8320000171661377,0,1,-0.8852352499961853,-0.2507573664188385,0.3917631506919861,0,0.4213826060295105,-0.788976788520813,0.44715967774391174,0,0.19696378707885742,0.5609244108200073,0.8040949702262878,0,13.025899887084961,-7.138299942016602,0.8583999872207642,1,0.993058979511261,-0.056046370416879654,-0.10340326279401779,0,-0.033655498176813126,0.7069938778877258,-0.7064189314842224,0,0.11269786953926086,0.7049949765205383,0.7001999020576477,0,0,35.90399932861328,0,1,0.9401460289955139,-0.3260640799999237,-0.09903284162282944,0,0.2658870816230774,0.5201175808906555,0.8116534948348999,0,-0.21314193308353424,-0.7894045114517212,0.5756825804710388,0,0,40.588401794433594,0,1,0.9999669790267944,-0.005770231131464243,0.005740235559642315,0,-0.00029702219762839377,0.6789368987083435,0.7341971397399902,0,-0.008133329451084137,-0.7341741323471069,0.6789118647575378,0,0,24,0,1,-0.7608078122138977,0.3878691792488098,-0.5203160643577576,0,-0.601029098033905,-0.7235590219497681,0.3394507169723511,0,-0.2448171079158783,0.5709818601608276,0.7836090326309204,0,-13.025899887084961,-7.138199806213379,0.8583999872207642,1,0.9911320209503174,0.030807040631771088,0.12926094233989716,0,0.08849208801984787,0.5726515054702759,-0.8150088787078857,0,-0.09912984073162079,0.8192198872566223,0.5648475289344788,0,0,35.90399932861328,0,1,0.9284923076629639,0.3335319459438324,0.1632731854915619,0,-0.2773575782775879,0.3304920792579651,0.90213543176651,0,0.24693027138710022,-0.8829106092453003,0.3993668258190155,0,0,40.588401794433594,0,1,1,-0.000004999999873689376,-0.000004999999873689376,0,0.000007999999979801942,0.704721987247467,0.7094830274581909,0,0,-0.7094830274581909,0.704721987247467,0,0,24,0,1
K0.067,0.4625827670097351,0.13676044344902039,0.8759641647338867,0,0.025059347972273827,0.9856191277503967,-0.1671140491962433,0,-0.8862221240997314,0.09925596415996552,0.45250287652015686,0,-1.2940999269485474,87.13138580322266,-10.912774085998535,1,0.9991919994354248,-0.03824307769536972,-0.012356122955679893,0,0.040028106421232224,0.9745159149169922,0.22071628272533417,0,0.003600087948143482,-0.2210322916507721,0.9752599596977234,0,0,14.65250015258789,0.4325000047683716,1,0.9998469948768616,-0.010496271774172783,-0.01397920772433281,0,0.01091230008751154,0.9994909167289734,0.02999165467917919,0,0.01365717314183712,-0.030139664188027382,0.9994519352912903,0,0,10.372599601745605,0,1,0.9998160004615784,-0.012031277641654015,-0.014950200915336609,0,0.011648295447230339,0.9996079802513123,-0.025466343387961388,0,0.01525118201971054,0.025287332013249397,0.999563992023468,0,0,10.089500427246094,0,1,0.9651721715927124,-0.1397351175546646,-0.22116976976394653,0,0.2368893176317215,0.8255613446235657,0.5121818780899048,0,0.11101851612329483,-0.5467367172241211,0.8299114108085632,0,0,31.684999465942383,0.24639999866485596,1,0.8886953592300415,-0.07583486288785934,-0.45218217372894287,0,0.12669838964939117,0.9884429574012756,0.08323650062084198,0,0.4406444728374481,-0.13126292824745178,0.8880323171615601,0,0,11.408900260925293,1.9208999872207642,1,-0.025039972737431526,0.009793715551495552,-0.999638020992279,0,0.6744970083236694,-0.7378829717636108,-0.02412409707903862,0,-0.7378529906272888,-0.6748570203781128,0.011870432645082474,0,10.9128999710083,26.73270034790039,-2.7056000232696533,1,0.818668007850647,-0.24133305251598358,0.5210955739021301,0,-0.01695173606276512,0.896858811378479,0.4419915974140167,0,-0.5740162134170532,-0.3706786632537842,0.7301377654075623,0,0,16.608800888061523,0,1,0.5389792919158936,0.5762134790420532,-0.6143910884857178,0,-0.7334910035133362,0.6796720027923584,-0.00602193595841527,0,0.41411471366882324,0.4538963735103607,0.7889770269393921,0,0,32.327598571777344,0,1,0.9775600433349609,0.0999101921916008,0.18545696139335632,0,-0.04061358794569969,0.9532443881034851,-0.2994571328163147,0,-0.2067047506570816,0.28520524501800537,0.9359114170074463,0,0,28.022199630737305,0,1,0.5184680223464966,0.718861997127533,-0.4630639851093292,0,-0.19438399374485016,0.6264380216598511,0.7548440098762512,0,0.8327100276947021,-0.3013499975204468,0.46452298760414124,0,-3.8598999977111816,6.27400016784668,3.206399917602539,1,0.859836995601654,-0.5096030235290527,0.03139900043606758,0,0.5100870132446289,0.8547289967536926,-0.09617199748754501,0,0.022172000259160995,0.09870799630880356,0.9948689937591553,0,0,6.531899929046631,0,1,0.7111780047416687,-0.6956019997596741,0.10180400311946869,0,0.6993539929389954,0.685267984867096,-0.20325399935245514,0,0.07162100076675415,0.21574699878692627,0.9738190174102783,0,0,7.500800132751465,0,1,0.9915750026702881,-0.04954800009727478,-0.11968299746513367,0,0.12869000434875488,0.4820750057697296,0.8666269779205322,0,0.01475599966943264,-0.8747280240058899,0.484389990568161,0,0,18.109699249267578,0,1,0.9808710217475891,-0.13294899463653564,-0.1421850025653839,0,0.1436930000782013,0.001765000051818788,0.9896209836006165,0,-0.13131800293922424,-0.9911209940910339,0.020834999158978462,0,0,4.183700084686279,0,1,0.9891480207443237,-0.14216700196266174,-0.03706499934196472,0,0.13083399832248688,0.7375850081443787,0.6624590158462524,0,-0.06684199720621109,-0.6601189970970154,0.7481809854507446,0,0,3.831899881362915,0,1,0.3471319377422333,0.0563158318400383,0.9361233711242676,0,-0.6022748947143555,-0.7517584562301636,0.2685593068599701,0,0.7188636660575867,-0.6570286154747009,-0.22704213857650757,0,-10.9128999710083,26.732999801635742,-2.7056000232696533,1,0.9947027564048767,-0.05029204115271568,-0.08964858204126358,0,0.02733837254345417,0.9701609015464783,-0.24091003835201263,0,0.0990898609161377,0.23718324303627014,0.9663971662521362,0,0,16.608600616455078,0,1,0.7571236491203308,-0.6514540910720825,-0.04869148135185242,0,0.6526632308959961,0.7575297355651855,0.013382196426391602,0,0.028166944161057472,-0.041911158710718155,0.9987238049507141,0,0,32.327598571777344,0,1,0.9890806078910828,0.07209566980600357,-0.12853391468524933,0,-0.10697130113840103,0.9511350393295288,-0.289654016494751,0,0.10137022286653519,0.3002408742904663,0.9484615325927734,0,0,28.022199630737305,0,1,0.9055280685424805,-0.3597952127456665,-0.22486744821071625,0,0.4241368770599365,0.7816547155380249,0.457301527261734,0,0.011234216392040253,-0.5094732642173767,0.8604128360748291,0,3.8598999977111816,6.27400016784668,3.2070000171661377,1,0.8650552034378052,0.49503061175346375,-0.0813949704170227,0,-0.5003776550292969,0.8630532026290894,-0.06900204718112946,0,0.036090996116399765,0.10041800886392593,0.9942910075187683,0,0,6.531799793243408,0,1,0.9918540716171265,0.12531206011772156,0.022846922278404236,0,-0.12614606320858002,0.9912150502204895,0.03973698988556862,0,-0.017666997388005257,-0.04229595139622688,0.9989489912986755,0,0,7.500999927520752,0,1,0.9999960064888,0.002867941278964281,0.0003259908698964864,0,-0.0028859409503638744,0.9952480792999268,0.09732659161090851,0,-0.00004499535862123594,-0.09732659161090851,0.9952520728111267,0,0,18.109600067138672,0,1,0.9999989867210388,0.0014330002013593912,0.000627999019343406,0,-0.0015480000292882323,0.8469850420951843,0.5316138863563538,0,0.00022999744396656752,-0.5316138863563538,0.8469859957695007,0,0,4.184000015258789,0,1,0.999396026134491,0.03476199507713318,0.00024899860727600753,0,-0.03375600650906563,0.9687252640724182,0.2458265721797943,0,0.008304951712489128,-0.2456865757703781,0.9693132638931274,0,0,3.8320000171661377,0,1,-0.9070557355880737,-0.2876456379890442,0.30742284655570984,0,0.38219138979911804,-0.8688392043113708,0.3147173225879669,0,0.1765742152929306,0.40296056866645813,0.8980220556259155,0,13.025899887084961,-7.138299942016602,0.8583999872207642,1,0.9915599822998047,0.0068693747743964195,-0.12946374714374542,0,-0.08338550478219986,0.7984331250190735,-0.5962810516357422,0,0.09927213191986084,0.6020439863204956,0.7922670841217041,0,0,35.90399932861328,0,1,0.9389240145683289,-0.33383092284202576,-0.0835331529378891,0,0.2745139002799988,0.5802143812179565,0.7668074369430542,0,-0.20751605927944183,-0.7429054975509644,0.6364184021949768,0,0,40.588401794433594,0,1,0.9991539716720581,-0.02887377142906189,0.02928876504302025,0,-0.0025169779546558857,0.6678751111030579,0.7442688941955566,0,-0.04105167090892792,-0.7437129020690918,0.6672371029853821,0,0,24,0,1,-0.7458901405334473,0.405290812253952,-0.5285699367523193,0,-0.6153019070625305,-0.7231410145759583,0.31379926204681396,0,-0.2550508975982666,0.5592901110649109,0.7887609601020813,0,-13.025899887084961,-7.138199806213379,0.8583999872207642,1,0.9917399883270264,0.03486495837569237,0.12343206256628036,0,0.09736190736293793,0.421829491853714,-0.9014321565628052,0,-0.08349615335464478,0.9060041904449463,0.41495048999786377,0,0,35.90399932861328,0,1,0.9561637043952942,0.23060302436351776,0.18048083782196045,0,-0.23545841872692108,0.23900790512561798,0.9420375823974609,0,0.17410072684288025,-0.9432374238967896,0.282828152179718,0,0,40.588401794433594,0,1,1,-0.000004999999873689376,-0.000004999999873689376,0,0.000007999999979801942,0.704721987247467,0.7094830274581909,0,0,-0.7094830274581909,0.704721987247467,0,0,24,0,1
K0.100,0.5703259706497192,0.12532299757003784,0.8118020296096802,0,0.06871499866247177,0.9775500297546387,-0.19918499886989594,0,-0.818539023399353,0.1693830043077469,0.5489100217819214,0,-2.58201003074646,86.24565124511719,-17.23341178894043,1,0.9994059801101685,-0.03391699865460396,0.006070998962968588,0,0.031929999589920044,0.9778559803962708,0.20682699978351593,0,-0.012950998730957508,-0.2065100073814392,0.9783589839935303,0,0,14.65250015258789,0.4325000047683716,1,0.9997230172157288,0.014321998693048954,0.0186809990555048,0,-0.014092999510467052,0.9998250007629395,-0.012300997972488403,0,-0.01885399781167507,0.012033998034894466,0.999750018119812,0,0,10.372599601745605,0,1,0.999763011932373,0.01365399919450283,0.01694599725306034,0,-0.012474998831748962,0.9976209998130798,-0.06779299676418304,0,-0.017831997945904732,0.06756500154733658,0.9975550174713135,0,0,10.089500427246094,0,1,0.9846429824829102,0.017934992909431458,-0.17365700006484985,0,0.07743600755929947,0.8466370105743408,0.5265060067176819,0,0.156467005610466,-0.5318679809570312,0.8322470188140869,0,0,31.684999465942383,0.24639999866485596,1,0.9498410224914551,-0.0600150004029274,-0.30691999197006226,0,0.09416099637746811,0.9907540082931519,0.09767299890518188,0,0.29822099208831787,-0.12167400121688843,0.9467099905014038,0,0,11.408900260925293,1.9208999872207642,1,0.01533499825745821,0.007922000251710415,-0.9998509883880615,0,0.7613930106163025,-0.6482570171356201,0.006541998591274023,0,-0.6481090188026428,-0.7613800168037415,-0.01597299799323082,0,10.9128999710083,26.73270034790039,-2.7056000232696533,1,0.8225970268249512,-0.2826229929924011,0.4934160113334656,0,-0.06603199988603592,0.8143849968910217,0.5765550136566162,0,-0.5647779703140259,-0.5068539977073669,0.6512489914894104,0,0,16.608800888061523,0,1,0.4461430013179779,0.382779985666275,-0.8089720010757446,0,-0.6793860197067261,0.733256995677948,-0.027722997590899467,0,0.5825719833374023,0.561972975730896,0.5871930122375488,0,0,32.327598571777344,0,1,0.9670730233192444,0.16601499915122986,0.1928970068693161,0,-0.09914900362491608,0.9438250064849854,-0.3152199983596802,0,-0.23439200222492218,0.2857150137424469,0.929207980632782,0,0,28.022199630737305,0,1,0.5184680223464966,0.7188630104064941,-0.46306198835372925,0,-0.19438500702381134,0.6264370083808899,0.7548450231552124,0,0.8327100276947021,-0.3013499975204468,0.4645240008831024,0,-3.8598999977111816,6.27400016784668,3.206399917602539,1,0.8598359823226929,-0.5096049904823303,0.031397998332977295,0,0.5100889801979065,0.8547279834747314,-0.09617199748754501,0,0.022173000499606133,0.09870799630880356,0.9948689937591553,0,0,6.531899929046631,0,1,0.7111780047416687,-0.6956019997596741,0.1018029972910881,0,0.6993539929389954,0.6852669715881348,-0.20325399935245514,0,0.07162199914455414,0.21574699878692627,0.9738190174102783,0,0,7.500800132751465,0,1,0.9915750026702881,-0.04954700171947479,-0.11968299746513367,0,0.12869000434875488,0.48207199573516846,0.8666290044784546,0,0.014756999909877777,-0.8747289776802063,0.48438701033592224,0,0,18.109699249267578,0,1,0.9808710217475891,-0.13294899463653564,-0.14218400418758392,0,0.1436920017004013,0.001765000051818788,0.9896209836006165,0,-0.13131900131702423,-0.9911209940910339,0.020834999158978462,0,0,4.183700084686279,0,1,0.9891489744186401,-0.14216600358486176,-0.03706299886107445,0,0.1308320015668869,0.7375850081443787,0.6624590158462524,0,-0.06684199720621109,-0.6601200103759766,0.7481809854507446,0,0,3.831899881362915,0,1,0.3626070022583008,0.03961800038814545,0.9311000108718872,0,-0.639851987361908,-0.715815007686615,0.2796410024166107,0,0.677573025226593,-0.6971660256385803,-0.23420999944210052,0,-10.9128999710083,26.732999801635742,-2.7056000232696533,1,0.9625219702720642,-0.24521198868751526,0.11585298925638199,0,0.2711069881916046,0.8586549758911133,-0.43498700857162476,0,0.007186003960669041,0.45009300112724304,0.8929529786109924,0,0,16.608600616455078,0,1,0.7873160243034363,-0.608256995677948,0.10078299045562744,0,0.610273003578186,0.7920839786529541,0.013026000000536442,0,-0.08775199204683304,0.05124899744987488,0.9948229789733887,0,0,32.327598571777344,0,1,0.9972789883613586,-0.004386996850371361,0.07359499484300613,0,-0.000008004782102943864,0.9982209801673889,0.059614986181259155,0,-0.07372599095106125,-0.05945298448204994,0.9955049753189087,0,0,28.022199630737305,0,1,0.9031800031661987,-0.3541969954967499,-0.24251000583171844,0,0.4277699887752533,0.789713978767395,0.43973198533058167,0,0.0357620008289814,-0.5008950233459473,0.8647689819335938,0,3.8598999977111816,6.27400016784668,3.2070000171661377,1,0.858223021030426,0.5066220164299011,-0.08238399773836136,0,-0.5119919776916504,0.8563230037689209,-0.06763199716806412,0,0.03628300130367279,0.10022299736738205,0.9943029880523682,0,0,6.531799793243408,0,1,0.9823729991912842,0.18518699705600739,0.02548000030219555,0,-0.1861020028591156,0.9817129969596863,0.04007900133728981,0,-0.01759199984371662,-0.04411499947309494,0.9988719820976257,0,0,7.500999927520752,0,1,0.9999889731407166,0.004693000111728907,0.0007140000234358013,0,-0.004743000026792288,0.9939029812812805,0.11015699803829193,0,-0.00019299999985378236,-0.1101590022444725,0.993914008140564,0,0,18.109600067138672,0,1,0.9999989867210388,0.0014149999478831887,0.0006880000000819564,0,-0.0015490000369027257,0.8065930008888245,0.5911049842834473,0,0.0002809999859891832,-0.5911049842834473,0.8065940141677856,0,0,4.184000015258789,0,1,0.9993870258331299,0.03501899912953377,0.00036199999158270657,0,-0.033622998744249344,0.9565569758415222,0.2896000146865845,0,0.009794999845325947,-0.2894339859485626,0.957148015499115,0,0,3.8320000171661377,0,1,-0.8898239731788635,-0.3390760123729706,0.3053539991378784,0,0.4271169900894165,-0.8544170260429382,0.29587700963020325,0,0.1605750024318695,0.3937000036239624,0.9051049947738647,0,13.025899887084961,-7.138299942016602,0.8583999872207642,1,0.9973710179328918,0.07223299890756607,-0.005814005620777607,0,-0.056428998708724976,0.7237939834594727,-0.6877049803733826,0,-0.04546699300408363,0.6862249970436096,0.7259669899940491,0,0,35.90399932861328,0,1,0.975957989692688,-0.20315399765968323,-0.07896299660205841,0,0.18896999955177307,0.6081389784812927,0.7710109949111938,0,-0.10861300677061081,-0.76739501953125,0.6319079995155334,0,0,40.588401794433594,0,1,0.9999039769172668,-0.009708001278340816,0.009854000993072987,0,-0.0006800000555813313,0.6770319938659668,0.7359529733657837,0,-0.013816000893712044,-0.7358890175819397,0.6769610047340393,0,0,24,0,1,-0.7556620240211487,0.36907699704170227,-0.5410699844360352,0,-0.5651519894599915,-0.7849590182304382,0.25385499000549316,0,-0.33102598786354065,0.4976159930229187,0.8017479777336121,0,-13.025899887084961,-7.138199806213379,0.8583999872207642,1,0.9948880076408386,-0.009757998399436474,0.10051000118255615,0,0.09793499857187271,0.335889995098114,-0.9367960095405579,0,-0.024619001895189285,0.941851019859314,0.3351289927959442,0,0,35.90399932861328,0,1,0.9708160161972046,0.20102199912071228,0.13079500198364258,0,-0.16378800570964813,0.15735399723052979,0.9738649725914001,0,0.17518700659275055,-0.9668660163879395,0.18568700551986694,0,0,40.588401794433594,0,1,1,-0.000006000000212225132,-0.000006000000212225132,0,0.000007999999979801942,0.704721987247467,0.7094830274581909,0,0,-0.7094830274581909,0.704721987247467,0,0,24,0,1
