0.867,30,26,43
B0,mixamorig_Hips,-1,0.9440502524375916,-0.014133294112980366,0.3286173939704895,0,-0.02292770706117153,0.9938080310821533,0.10871218889951706,0,-0.32811954617500305,-0.11017588526010513,0.9378786683082581,0,0.8701921105384827,83.32646179199219,1.5103347301483154,1
B1,mixamorig_Spine,0,0.9984409809112549,-0.04962901771068573,0.025423016399145126,0,0.04890873655676842,0.9984033107757568,0.028219273313879967,0,-0.026783259585499763,-0.026928894221782684,0.9992765784263611,0,0,14.65250015258789,0.4325000047683716,1
B2,mixamorig_Spine1,1,0.9974721074104309,-0.03645867109298706,0.06088773161172867,0,0.0316808708012104,0.9964748024940491,0.07766701281070709,0,-0.06350527703762054,-0.07553732395172119,0.9951131343841553,0,0,10.372599601745605,0,1
B3,mixamorig_Spine2,2,0.9974390864372253,-0.03459608182311058,0.06249413639307022,0,0.03329646959900856,0.9992083311080933,0.021723436191678047,0,-0.06319665908813477,-0.01958209089934826,0.9978035688400269,0,0,10.089500427246094,0,1
B4,mixamorig_Neck,3,0.9901579022407532,0.1370660960674286,0.02810734137892723,0,-0.13977143168449402,0.9781324863433838,0.15400062501430511,0,-0.006383979227393866,-0.15640902519226074,0.9876683354377747,0,0,31.684999465942383,0.24639999866485596,1
B5,mixamorig_Head,4,0.97280353307724,-0.18469983339309692,-0.13848210871219635,0,0.1655263751745224,0.976311206817627,-0.13903598487377167,0,0.16089335083961487,0.11219020932912827,0.9804266095161438,0,0,11.408900260925293,1.9208999872207642,1
B6,mixamorig_HeadTop_End,5,1,0,0,0,0,1,0,0,0,0,1,0,0.06040000170469284,36.99250030517578,6.669400215148926,1
B7,mixamorig_Reye,5,1,0,0,0,0,1,0,0,0,0,1,0,-5.297500133514404,11.923600196838379,11.889900207519531,1
B8,mixamorig_Leye,5,1,0,0,0,0,1,0,0,0,0,1,0,5.452600002288818,11.923600196838379,11.889900207519531,1
B9,mixamorig_LeftShoulder,3,0.7158864140510559,-0.072431780397892,-0.6941676735877991,0,0.5455037355422974,-0.5603383779525757,0.6221120357513428,0,-0.43404895067214966,-0.8240426182746887,-0.3615816533565521,0,10.9128999710083,26.73270034790039,-2.7056000232696533,1
B10,mixamorig_LeftArm,9,0.753139853477478,0.44014984369277954,0.48692968487739563,0,-0.25285300612449646,0.87845778465271,-0.4041731655597687,0,-0.6066749691963196,0.1820417046546936,0.7728601694107056,0,0,16.608800888061523,0,1
B11,mixamorig_LeftForeArm,10,0.8348930478096008,0.5372859835624695,0,0,-0.5372859835624695,0.8348930478096008,0,0,0,0,1,0,0,32.327598571777344,0,1
B12,mixamorig_LeftHand,11,0.9019270539283752,0.03883417323231697,-0.4293944835662842,0,-0.05350819230079651,0.99821937084198,-0.022770138457417488,0,0.4277035593986511,0.04335149750113487,0.9024744033813477,0,0,28.022199630737305,0,1
B13,mixamorig_LeftHandThumb1,12,0.9779769778251648,0.20065200328826904,0.05744300037622452,0,-0.1870580017566681,0.7205830216407776,0.6676589846611023,0,0.09257417172193527,-0.6637009978294373,0.7422469854354858,0,-3.8598999977111816,6.27400016784668,3.206399917602539,1
B14,mixamorig_LeftHandThumb2,13,0.19007399678230286,-0.9815710186958313,0.019762830808758736,0,0.980239987373352,0.18861599266529083,-0.05960800126194954,0,0.05478199943900108,0.030702000483870506,0.9980260133743286,0,0,6.531899929046631,0,1
B15,mixamorig_LeftHandThumb3,14,0.7991470098495483,-0.5790719985961914,0.16136600077152252,0,0.600504994392395,0.7812979817390442,-0.17019900679588318,0,-0.02751700021326542,0.232914999127388,0.972108006477356,0,0,7.500800132751465,0,1
B16,mixamorig_LeftHandThumb4,15,1,0,0,0,0,1,0,0,0,0,1,0,0,4.862299919128418,0,1
B17,mixamorig_LeftHandIndex1,12,0.9824159741401672,-0.11674000322818756,-0.14570583403110504,0,0.11674083024263382,-0.22495099902153015,0.9673510193824768,0,-0.14570516347885132,-0.9673510193824768,-0.20736783742904663,0,0,18.109699249267578,0,1
B18,mixamorig_LeftHandIndex2,17,0.9891179800033569,-0.11625199764966965,-0.09017200022935867,0,0.11625199764966965,0.24192184209823608,0.9633060097694397,0,-0.09017200022935867,-0.963306188583374,0.25280383229255676,0,0,4.183700084686279,0,1
B19,mixamorig_LeftHandIndex3,18,0.996957004070282,-0.07376299798488617,-0.02521600015461445,0,0.07376299798488617,0.7880110144615173,0.6112269759178162,0,-0.02521600015461445,-0.6112269759178162,0.7910540103912354,0,0,3.831899881362915,0,1
B20,mixamorig_LeftHandIndex4,19,1,0,0,0,0,1,0,0,0,0,1,0,0,4.86359977722168,0,1
B21,mixamorig_RightShoulder,3,0.4045560359954834,0.03813260793685913,0.9137158989906311,0,-0.6231836080551147,-0.7197425365447998,0.30595746636390686,0,0.6693085432052612,-0.6931931376457214,-0.2674125134944916,0,-10.9128999710083,26.732999801635742,-2.7056000232696533,1
B22,mixamorig_RightArm,21,0.6661185622215271,-0.4208245575428009,-0.6155537962913513,0,0.2953096926212311,0.9069440364837646,-0.3000985085964203,0,0.684556245803833,0.01816733554005623,0.7284159064292908,0,0,16.608600616455078,0,1
B23,mixamorig_RightForeArm,22,-0.6817750334739685,-0.7315000891685486,0,0,0.7315000891685486,-0.6817750334739685,0,0,0,0,1,0,0,32.327598571777344,0,1
B24,mixamorig_RightHand,23,0.28696924448013306,-0.04562472924590111,-0.9567571878433228,0,0.02218286134302616,0.9989137053489685,-0.04096696153283119,0,0.9575866460800171,-0.009464132599532604,0.2876691520214081,0,0,28.022199630737305,0,1
B25,mixamorig_RightHandThumb1,24,0.9923189878463745,-0.09877599775791168,-0.07447399944067001,0,0.12341282516717911,0.7490360140800476,0.6509339809417725,0,-0.00851299986243248,-0.6551250219345093,0.7554728388786316,0,3.8598999977111816,6.27400016784668,3.2070000171661377,1
B26,mixamorig_RightHandThumb2,25,0.17400699853897095,0.787056028842926,-0.5918319821357727,0,-0.9812480211257935,0.08797799795866013,-0.17150115966796875,0,-0.08291216939687729,0.6105759739875793,0.7876058220863342,0,0,6.531799793243408,0,1
B27,mixamorig_RightHandThumb3,26,0.8000119924545288,0.485275000333786,-0.3528299927711487,0,-0.5706160068511963,0.7971199750900269,-0.1974789947271347,0,0.18541599810123444,0.35931599140167236,0.9146109819412231,0,0,7.500999927520752,0,1
B28,mixamorig_RightHandThumb4,27,1,0,0,0,0,1,0,0,0,0,1,0,0,4.862299919128418,0,1
B29,mixamorig_RightHandIndex1,24,0.9828240275382996,0.11913499981164932,0.14093683660030365,0,-0.11913499981164932,-0.17364799976348877,0.9775750041007996,0,0.14093683660030365,-0.9775750041007996,-0.1564728319644928,0,0,18.109600067138672,0,1
B30,mixamorig_RightHandIndex2,29,0.9833289980888367,0.11979500204324722,0.13679683208465576,0,-0.11979500204324722,-0.1391730010509491,0.9829949736595154,0,0.1367969959974289,-0.9829949736595154,-0.12250199913978577,0,0,4.184000015258789,0,1
B31,mixamorig_RightHandIndex3,30,0.994966983795166,0.09129899740219116,0.04130199924111366,0,-0.09129899740219116,0.6560590267181396,0.7491670250892639,0,0.04130199924111366,-0.7491670250892639,0.6610919833183289,0,0,3.8320000171661377,0,1
B32,mixamorig_RightHandIndex4,31,1,0,0,0,0,1,0,0,0,0,1,0,0,4.86299991607666,0,1
B33,mixamorig_LeftUpLeg,0,-0.9436734914779663,-0.23068520426750183,0.23709982633590698,0,0.29953357577323914,-0.8999639749526978,0.31664133071899414,0,0.1403091549873352,0.36981135606765747,0.9184209704399109,0,13.025899887084961,-7.138299942016602,0.8583999872207642,1
B34,mixamorig_LeftLeg,33,0.9616809487342834,0.2707083523273468,0.04338081181049347,0,-0.022108253091573715,0.2343146800994873,-0.9718939065933228,0,-0.2732720375061035,0.9336920380592346,0.23132260143756866,0,0,35.90399932861328,0,1
B35,mixamorig_LeftFoot,34,0.7992364764213562,-0.6009548902511597,-0.0034592391457408667,0,0.230848491191864,0.3015914261341095,0.9250278472900391,0,-0.554836094379425,-0.740129292011261,0.3797958195209503,0,0,40.588401794433594,0,1
B36,mixamorig_LeftToeBase,35,0.9995179176330566,-0.030497368425130844,0.005825475789606571,0,-0.0005601281300187111,0.169998437166214,0.9854145646095276,0,-0.03104432299733162,-0.984943151473999,0.16989943385124207,0,0,24,0,1
B37,mixamorig_LeftToe_End,36,1,0,0,0,0,1,0,0,0,0,1,0,0,14.832099914550781,0,1
B38,mixamorig_RightUpLeg,0,-0.9999625086784363,-0.005286223255097866,-0.0017014717450365424,0,0.0007725110044702888,-0.43643397092819214,0.8997106552124023,0,-0.005511865019798279,0.8997085094451904,0.4364490211009979,0,-13.025899887084961,-7.138199806213379,0.8583999872207642,1
B39,mixamorig_RightLeg,38,0.985840380191803,0.11390643566846848,0.12287799268960953,0,0.06298542022705078,0.427595853805542,-0.9017384648323059,0,-0.1552351862192154,0.8967500329017639,0.4143941402435303,0,0,35.90399932861328,0,1
B40,mixamorig_RightFoot,39,0.9795296788215637,0.025885669514536858,0.19922655820846558,0,-0.17387646436691284,0.6050366759300232,0.776908278465271,0,-0.10045134276151657,-0.7956741452217102,0.5971245765686035,0,0,40.588401794433594,0,1
B41,mixamorig_RightToeBase,40,1,0,0,0,0,0.7047430276870728,0.7094630002975464,0,0,-0.7094630002975464,0.7047430276870728,0,0,24,0,1
B42,mixamorig_RightToe_End,41,1,0,0,0,0,1,0,0,0,0,1,0,0,14.831999778747559,0,1
@34,0,1,2,3,4,5,9,10,11,12,13,14,15,17,18,19,21,22,23,24,25,26,27,29,30,31,33,34,35,36,38,39,40,41
K0.000,0.8763110041618347,0.026256000623106956,-0.4810299873352051,0,0.040647998452186584,0.9909229874610901,0.12813800573349,0,0.4800280034542084,-0.1318410038948059,0.8672900199890137,0,-0.5702570080757141,85.13736724853516,-1.4626480340957642,1,0.9998779892921448,0.011757000349462032,-0.010293000377714634,0,-0.011415000073611736,0.9994000196456909,0.03268900141119957,0,0.010670999996364117,-0.03256699815392494,0.999413013458252,0,0,14.65250015258789,0.4325000047683716,1,0.9998999834060669,-0.011237000115215778,-0.008538000285625458,0,0.011877000331878662,0.9968050122261047,0.07898599654436111,0,0.00762300007045269,-0.0790800005197525,0.9968389868736267,0,0,10.372599601745605,0,1,0.9998959898948669,-0.011611999943852425,-0.008596999570727348,0,0.01181199960410595,0.9996520280838013,0.02356800064444542,0,0.008320000022649765,-0.023667000234127045,0.9996849894523621,0,0,10.089500427246094,0,1,0.9918389916419983,0.09978300333023071,0.07936800271272659,0,-0.11015100032091141,0.9841070175170898,0.13928599655628204,0,-0.0642080008983612,-0.1468919962644577,0.9870659708976746,0,0,31.684999465942383,0.24639999866485596,1,0.9591010212898254,0.1358489990234375,0.24833300709724426,0,-0.11300700157880783,0.9881259799003601,-0.10409700125455856,0,-0.25952601432800293,0.07177600264549255,0.9630650281906128,0,0,11.408900260925293,1.9208999872207642,1,0.6235970258712769,-0.0737610012292862,-0.7782580256462097,0,0.5012140274047852,-0.7262700200080872,0.4704430103302002,0,-0.5999259948730469,-0.6834400296211243,-0.41593000292778015,0,10.9128999710083,26.73270034790039,-2.7056000232696533,1,0.9516379833221436,0.3007250130176544,0.06284599751234055,0,-0.3005000054836273,0.9536899924278259,-0.013230999931693077,0,-0.06391499936580658,-0.0062939999625086784,0.9979360103607178,0,0,16.608800888061523,0,1,-0.38573700189590454,0.9226089715957642,0,0,-0.9226089715957642,-0.38573700189590454,0,0,0,0,1,0,0,32.327598571777344,0,1,0.9810159802436829,0.04162300005555153,-0.18940700590610504,0,-0.08917500078678131,0.9641299843788147,-0.25000301003456116,0,0.17220699787139893,0.2621470093727112,0.9495390057563782,0,0,28.022199630737305,0,1,0.9779769778251648,0.20065100491046906,0.05744300037622452,0,-0.1870580017566681,0.720583975315094,0.6676589846611023,0,0.09257400035858154,-0.6636999845504761,0.742247998714447,0,-3.8598999977111816,6.27400016784668,3.206399917602539,1,0.19007399678230286,-0.9815710186958313,0.01976200006902218,0,0.980239987373352,0.18861700594425201,-0.05960800126194954,0,0.05478199943900108,0.030702000483870506,0.9980260133743286,0,0,6.531899929046631,0,1,0.7991470098495483,-0.5790730118751526,0.16136600077152252,0,0.600504994392395,0.7812970280647278,-0.17019900679588318,0,-0.02751700021326542,0.232914999127388,0.972108006477356,0,0,7.500800132751465,0,1,0.9824159741401672,-0.11674000322818756,-0.14570499956607819,0,0.11674000322818756,-0.22495099902153015,0.9673510193824768,0,-0.14570499956607819,-0.9673510193824768,-0.20736700296401978,0,0,18.109699249267578,0,1,0.9891179800033569,-0.11625199764966965,-0.09017200022935867,0,0.11625199764966965,0.24192099273204803,0.9633070230484009,0,-0.09017200022935867,-0.9633070230484009,0.2528029978275299,0,0,4.183700084686279,0,1,0.996957004070282,-0.07376299798488617,-0.02521600015461445,0,0.07376299798488617,0.7880110144615173,0.6112269759178162,0,-0.02521600015461445,-0.6112269759178162,0.7910540103912354,0,0,3.831899881362915,0,1,0.31617099046707153,0.03664499893784523,0.9479939937591553,0,-0.655098021030426,-0.7143399715423584,0.24609799683094025,0,0.6862090229988098,-0.698839008808136,-0.20184700191020966,0,-10.9128999710083,26.732999801635742,-2.7056000232696533,1,0.6186609864234924,-0.36180299520492554,-0.697393000125885,0,0.26195600628852844,0.9318529963493347,-0.2510569989681244,0,0.7407010197639465,-0.027367999777197838,0.6712769865989685,0,0,16.608600616455078,0,1,-0.597350001335144,-0.8019809722900391,0,0,0.8019809722900391,-0.597350001335144,0,0,0,0,1,0,0,32.327598571777344,0,1,0.2994160056114197,-0.035050999373197556,-0.953478991985321,0,0.03589500114321709,0.9990310072898865,-0.025453999638557434,0,0.9534469842910767,-0.026604000478982925,0.3003840148448944,0,0,28.022199630737305,0,1,0.9923189878463745,-0.09877599775791168,-0.07447399944067001,0,0.12341299653053284,0.7490360140800476,0.6509339809417725,0,-0.00851299986243248,-0.6551250219345093,0.7554720044136047,0,3.8598999977111816,6.27400016784668,3.2070000171661377,1,0.17400600016117096,0.787056028842926,-0.5918319821357727,0,-0.9812480211257935,0.08797699958086014,-0.1715019941329956,0,-0.08291299641132355,0.6105759739875793,0.7876049876213074,0,0,6.531799793243408,0,1,0.8000119924545288,0.4852760136127472,-0.3528299927711487,0,-0.5706160068511963,0.7971199750900269,-0.1974789947271347,0,0.18541599810123444,0.35931599140167236,0.9146109819412231,0,0,7.500999927520752,0,1,0.9828240275382996,0.11913499981164932,0.14093700051307678,0,-0.11913499981164932,-0.17364799976348877,0.9775750041007996,0,0.1409360021352768,-0.9775750041007996,-0.15647299587726593,0,0,18.109600067138672,0,1,0.9833289980888367,0.11979500204324722,0.1367969959974289,0,-0.11979500204324722,-0.13917399942874908,0.9829949736595154,0,0.1367959976196289,-0.9829949736595154,-0.12250299751758575,0,0,4.184000015258789,0,1,0.994966983795166,0.09129899740219116,0.04130199924111366,0,-0.09129899740219116,0.6560590267181396,0.7491670250892639,0,0.04130199924111366,-0.7491670250892639,0.6610919833183289,0,0,3.8320000171661377,0,1,-0.9289339780807495,-0.23369599878787994,0.28717300295829773,0,0.3579210042953491,-0.76528000831604,0.5350139737129211,0,0.09473700076341629,0.5997779965400696,0.7945389747619629,0,13.025899887084961,-7.138299942016602,0.8583999872207642,1,0.9939240217208862,0.1064160019159317,0.02812900021672249,0,-0.01935500092804432,0.4205450117588043,-0.9070649743080139,0,-0.10835599899291992,0.9010090231895447,0.4200490117073059,0,0,35.90399932861328,0,1,0.9237779974937439,-0.3719780147075653,-0.09092400223016739,0,0.1779240071773529,0.2066899985074997,0.9620929956436157,0,-0.3390839993953705,-0.9049370288848877,0.2571200132369995,0,0,40.588401794433594,0,1,1,0.0000019999999949504854,0,0,-0.0000019999999949504854,0.7036749720573425,0.7105219960212708,0,0,-0.7105219960212708,0.7036749720573425,0,0,24,0,1,-0.8976280093193054,0.22284799814224243,-0.380266010761261,0,-0.4387190043926239,-0.534542977809906,0.7223489880561829,0,-0.042295001447200775,0.81523197889328,0.5775889754295349,0,-13.025899887084961,-7.138199806213379,0.8583999872207642,1,0.9950670003890991,-0.05500499904155731,-0.0825589969754219,0,-0.05554699897766113,0.3805930018424988,-0.9230729937553406,0,0.08219499886035919,0.923105001449585,0.3756609857082367,0,0,35.90399932861328,0,1,0.9752569794654846,0.21361899375915527,0.05692100152373314,0,-0.1496569961309433,0.44843998551368713,0.8811950087547302,0,0.16271500289440155,-0.8679100275039673,0.46931400895118713,0,0,40.588401794433594,0,1,1,0,0,0,0,0.7047430276870728,0.7094630002975464,0,0,-0.7094630002975464,0.7047430276870728,0,0,24,0,1
K0.033,0.8867502212524414,0.029543008655309677,-0.4613035321235657,0,0.03798094391822815,0.9899250268936157,0.13640709221363068,0,0.46068552136421204,-0.1384800672531128,0.8766942620277405,0,-0.5448839664459229,84.87562561035156,-1.6510734558105469,1,0.9998409748077393,0.009722950868308544,-0.014978040009737015,0,-0.009211949072778225,0.9993860125541687,0.033805012702941895,0,0.015298038721084595,-0.03366200998425484,0.9993159770965576,0,0,14.65250015258789,0.4325000047683716,1,0.9997519850730896,-0.01390803325921297,-0.01738607883453369,0,0.01527704019099474,0.9965729713439941,0.08129901438951492,0,0.016196073964238167,-0.08154501765966415,0.996537983417511,0,0,10.372599601745605,0,1,0.9997450113296509,-0.014391034841537476,-0.01740407571196556,0,0.014839036390185356,0.9995539784431458,0.025900015607476234,0,0.017023077234625816,-0.02615201845765114,0.9995129704475403,0,0,10.089500427246094,0,1,0.9922869801521301,0.09746698290109634,0.07659194618463516,0,-0.107495978474617,0.9842820167541504,0.14011701941490173,0,-0.06173195317387581,-0.14727000892162323,0.98716801404953,0,0,31.684999465942383,0.24639999866485596,1,0.9589640498161316,0.14556095004081726,0.24330881237983704,0,-0.12118895351886749,0.9862470030784607,-0.11238204687833786,0,-0.2563208043575287,0.07828409224748611,0.9634160399436951,0,0,11.408900260925293,1.9208999872207642,1,0.6021007299423218,-0.07123994827270508,-0.7952352166175842,0,0.5164321660995483,-0.7248539924621582,0.455943763256073,0,-0.6089110970497131,-0.6852089762687683,-0.39964479207992554,0,10.9128999710083,26.73270034790039,-2.7056000232696533,1,0.9505199790000916,0.30934402346611023,0.028603801503777504,0,-0.3091200292110443,0.9509469866752625,-0.01203988492488861,0,-0.030925774946808815,0.002601951826363802,0.9995179772377014,0,0,16.608800888061523,0,1,-0.37891894578933716,0.9254299998283386,0,0,-0.9254299998283386,-0.37891894578933716,0,0,0,0,1,0,0,32.327598571777344,0,1,0.9883620738983154,0.060688238590955734,-0.13949041068553925,0,-0.09641806781291962,0.9591779708862305,-0.26586005091667175,0,0.11766134947538376,0.2762150168418884,0.9538660645484924,0,0,28.022199630737305,0,1,0.9779769778251648,0.20065200328826904,0.05744300037622452,0,-0.1870580017566681,0.7205830216407776,0.6676589846611023,0,0.09257400035858154,-0.6637009978294373,0.742247998714447,0,-3.8598999977111816,6.27400016784668,3.206399917602539,1,0.19007299840450287,-0.9815710186958313,0.019763000309467316,0,0.980239987373352,0.18861599266529083,-0.05960800126194954,0,0.05478199943900108,0.030702000483870506,0.9980260133743286,0,0,6.531899929046631,0,1,0.7991470098495483,-0.5790719985961914,0.16136600077152252,0,0.600504994392395,0.7812979817390442,-0.17019900679588318,0,-0.027518000453710556,0.232914999127388,0.972108006477356,0,0,7.500800132751465,0,1,0.9824159741401672,-0.11674000322818756,-0.14570499956607819,0,0.11674000322818756,-0.22495099902153015,0.9673510193824768,0,-0.14570499956607819,-0.9673510193824768,-0.20736800134181976,0,0,18.109699249267578,0,1,0.9891179800033569,-0.11625199764966965,-0.09017200022935867,0,0.11625199764966965,0.24192099273204803,0.9633070230484009,0,-0.09017200022935867,-0.9633070230484009,0.2528029978275299,0,0,4.183700084686279,0,1,0.996957004070282,-0.07376299798488617,-0.02521499991416931,0,0.07376299798488617,0.7880110144615173,0.6112269759178162,0,-0.02521600015461445,-0.6112269759178162,0.7910540103912354,0,0,3.831899881362915,0,1,0.32164013385772705,0.03715500235557556,0.9461329579353333,0,-0.6533569693565369,-0.7145209908485413,0.2501690983772278,0,0.6853259801864624,-0.6986269950866699,-0.20554308593273163,0,-10.9128999710083,26.732999801635742,-2.7056000232696533,1,0.6310851573944092,-0.36095303297042847,-0.6866188049316406,0,0.269846111536026,0.932013988494873,-0.2419349104166031,0,0.7272658348083496,-0.03260006755590439,0.6855812072753906,0,0,16.608600616455078,0,1,-0.5786689519882202,-0.8155620694160461,0,0,0.8155620694160461,-0.5786689519882202,0,0,0,0,1,0,0,32.327598571777344,0,1,0.31017112731933594,-0.03450499102473259,-0.9500539302825928,0,0.0365859754383564,0.9990339875221252,-0.02433999627828598,0,0.9499759674072266,-0.027208972722291946,0.31113412976264954,0,0,28.022199630737305,0,1,0.9923189878463745,-0.09877599775791168,-0.07447399944067001,0,0.12341299653053284,0.7490350008010864,0.6509339809417725,0,-0.00851299986243248,-0.6551250219345093,0.7554720044136047,0,3.8598999977111816,6.27400016784668,3.2070000171661377,1,0.17400600016117096,0.7870550155639648,-0.5918329954147339,0,-0.9812480211257935,0.08797799795866013,-0.17150099575519562,0,-0.08291299641132355,0.6105769872665405,0.7876049876213074,0,0,6.531799793243408,0,1,0.8000119924545288,0.485275000333786,-0.3528299927711487,0,-0.5706160068511963,0.7971199750900269,-0.1974789947271347,0,0.18541599810123444,0.35931599140167236,0.9146109819412231,0,0,7.500999927520752,0,1,0.9828240275382996,0.11913400143384933,0.14093700051307678,0,-0.11913499981164932,-0.17364799976348877,0.9775750041007996,0,0.1409360021352768,-0.9775750041007996,-0.15647299587726593,0,0,18.109600067138672,0,1,0.9833289980888367,0.11979500204324722,0.1367959976196289,0,-0.11979500204324722,-0.1391730010509491,0.9829949736595154,0,0.1367969959974289,-0.9829949736595154,-0.12250199913978577,0,0,4.184000015258789,0,1,0.994966983795166,0.09129899740219116,0.04130199924111366,0,-0.09129899740219116,0.6560590267181396,0.7491670250892639,0,0.04130199924111366,-0.7491670250892639,0.66109299659729,0,0,3.8320000171661377,0,1,-0.9333040714263916,-0.2297779619693756,0.27594685554504395,0,0.3482488691806793,-0.766572117805481,0.5395278930664062,0,0.08756197988986969,0.5996417999267578,0.7954640984535217,0,13.025899887084961,-7.138299942016602,0.8583999872207642,1,0.9896799325942993,0.13668322563171387,0.04301806166768074,0,-0.017205026000738144,0.4113829433917999,-0.911300003528595,0,-0.1422562301158905,0.9011560082435608,0.4094889461994171,0,0,35.90399932861328,0,1,0.9174728989601135,-0.38392525911331177,-0.10413488000631332,0,0.19166888296604156,0.19725780189037323,0.9614320397377014,0,-0.3485763370990753,-0.9020479321479797,0.2545658051967621,0,0,40.588401794433594,0,1,1,0.0000019999999949504854,0,0,0,0.7047009468078613,0.7095050811767578,0,0,-0.7095050811767578,0.7047009468078613,0,0,24,0,1,-0.9022631049156189,0.21688783168792725,-0.3726668357849121,0,-0.4300387501716614,-0.5156277418136597,0.7410762906074524,0,-0.031426891684532166,0.8289071917533875,0.5585017204284668,0,-13.025899887084961,-7.138199806213379,0.8583999872207642,1,0.9961869716644287,-0.05147775262594223,-0.07043372094631195,0,-0.046252839267253876,0.37290194630622864,-0.9267169833183289,0,0.07397067546844482,0.92644202709198,0.369098961353302,0,0,35.90399932861328,0,1,0.9757760763168335,0.21089386940002441,0.05817094445228577,0,-0.15026989579200745,0.45286810398101807,0.878822922706604,0,0.1589948982000351,-0.8662760257720947,0.47358906269073486,0,0,40.588401794433594,0,1,1,0,0,0,0,0.7047430276870728,0.7094630002975464,0,0,-0.7094630002975464,0.7047430276870728,0,0,24,0,1
K0.067,0.9104707837104797,0.03044199012219906,-0.41245248913764954,0,0.03250805661082268,0.9889339804649353,0.1447509080171585,0,0.41229447722435,-0.14519894123077393,0.8994057774543762,0,-0.44154199957847595,84.60066223144531,-1.6955645084381104,1,0.9998080134391785,0.00479104882106185,-0.019017959013581276,0,-0.0041270507499575615,0.9993860125541687,0.034788988530635834,0,0.01917296089231968,-0.03470398858189583,0.9992139935493469,0,0,14.65250015258789,0.4325000047683716,1,0.9995329976081848,-0.01725296676158905,-0.025210922583937645,0,0.01928696036338806,0.996379017829895,0.08280398696660995,0,0.023690925911068916,-0.08325198292732239,0.9962469935417175,0,0,10.372599601745605,0,1,0.9995260238647461,-0.017799966037273407,-0.025098923593759537,0,0.01848796382546425,0.9994519948959351,0.027470985427498817,0,0.0245969258248806,-0.02792198397219181,0.9993069767951965,0,0,10.089500427246094,0,1,0.9928309917449951,0.09580501168966293,0.07147005200386047,0,-0.105181023478508,0.9843090176582336,0.14167898893356323,0,-0.0567750483751297,-0.14817997813224792,0.9873290061950684,0,0,31.684999465942383,0.24639999866485596,1,0.9645649194717407,0.140671044588089,0.2232171893119812,0,-0.11673504114151001,0.9862369894981384,-0.11708895862102509,0,-0.23661619424819946,0.08688291907310486,0.9677109122276306,0,0,11.408900260925293,1.9208999872207642,1,0.5714592933654785,-0.06593704968690872,-0.8179767727851868,0,0.5367558002471924,-0.7239490151405334,0.43334823846817017,0,-0.6207478642463684,-0.6866949796676636,-0.3783152103424072,0,10.9128999710083,26.73270034790039,-2.7056000232696533,1,0.9498519897460938,0.3125799596309662,0.008652198128402233,0,-0.3125879764556885,0.9498890042304993,-0.0005091145867481828,0,-0.008378224447369576,-0.0022209519520401955,0.9999619722366333,0,0,16.608800888061523,0,1,-0.3743990659713745,0.9272680282592773,0,0,-0.9272680282592773,-0.3743990659713745,0,0,0,0,1,0,0,32.327598571777344,0,1,0.9932659268379211,0.08444876223802567,-0.07931559532880783,0,-0.10305393487215042,0.956824004650116,-0.2717849314212799,0,0.05293864384293556,0.2781279683113098,0.9590839147567749,0,0,28.022199630737305,0,1,0.9779769778251648,0.20065100491046906,0.05744300037622452,0,-0.1870580017566681,0.720583975315094,0.6676589846611023,0,0.09257400035858154,-0.6637009978294373,0.742247998714447,0,-3.8598999977111816,6.27400016784668,3.206399917602539,1,0.19007299840450287,-0.9815710186958313,0.019763000309467316,0,0.980239987373352,0.18861599266529083,-0.05960800126194954,0,0.05478199943900108,0.030702000483870506,0.9980260133743286,0,0,6.531899929046631,0,1,0.7991470098495483,-0.5790719985961914,0.16136600077152252,0,0.600504994392395,0.7812979817390442,-0.17019900679588318,0,-0.02751700021326542,0.232914999127388,0.972108006477356,0,0,7.500800132751465,0,1,0.9824159741401672,-0.11674100160598755,-0.14570499956607819,0,0.11674000322818756,-0.22495099902153015,0.9673510193824768,0,-0.14570599794387817,-0.9673510193824768,-0.20736700296401978,0,0,18.109699249267578,0,1,0.9891179800033569,-0.11625199764966965,-0.09017200022935867,0,0.11625199764966965,0.24192200601100922,0.9633060097694397,0,-0.09017200022935867,-0.9633070230484009,0.2528040111064911,0,0,4.183700084686279,0,1,0.996957004070282,-0.07376299798488617,-0.02521499991416931,0,0.07376299798488617,0.7880110144615173,0.6112269759178162,0,-0.02521600015461445,-0.6112269759178162,0.7910540103912354,0,0,3.831899881362915,0,1,0.3329828679561615,0.037397995591163635,0.9421910643577576,0,-0.6496570706367493,-0.7151150107383728,0.25798290967941284,0,0.6834229826927185,-0.6980050206184387,-0.21382591128349304,0,-10.9128999710083,26.732999801635742,-2.7056000232696533,1,0.6462238430976868,-0.3645789623260498,-0.6704311966896057,0,0.2831888794898987,0.9303420186042786,-0.23295408487319946,0,0.7086601853370667,-0.03931793197989464,0.7044538259506226,0,0,16.608600616455078,0,1,-0.5702320337295532,-0.8214829564094543,0,0,0.8214829564094543,-0.5702320337295532,0,0,0,0,1,0,0,32.327598571777344,0,1,0.32352688908576965,-0.033729005604982376,-0.9456180334091187,0,0.03411302715539932,0.9991310238838196,-0.023966003209352493,0,0.9456040859222412,-0.024505026638507843,0.32439589500427246,0,0,28.022199630737305,0,1,0.9923189878463745,-0.09877599775791168,-0.07447399944067001,0,0.12341299653053284,0.7490350008010864,0.6509339809417725,0,-0.00851299986243248,-0.6551250219345093,0.7554720044136047,0,3.8598999977111816,6.27400016784668,3.2070000171661377,1,0.17400600016117096,0.787056028842926,-0.5918319821357727,0,-0.9812480211257935,0.08797699958086014,-0.17150099575519562,0,-0.08291299641132355,0.6105759739875793,0.7876049876213074,0,0,6.531799793243408,0,1,0.8000119924545288,0.485275000333786,-0.35283100605010986,0,-0.5706160068511963,0.7971199750900269,-0.1974789947271347,0,0.18541599810123444,0.35931599140167236,0.9146109819412231,0,0,7.500999927520752,0,1,0.982824981212616,0.11913499981164932,0.1409360021352768,0,-0.11913400143384933,-0.17364899814128876,0.9775750041007996,0,0.1409360021352768,-0.9775750041007996,-0.15647299587726593,0,0,18.109600067138672,0,1,0.9833289980888367,0.11979500204324722,0.1367969959974289,0,-0.11979500204324722,-0.1391730010509491,0.9829949736595154,0,0.1367969959974289,-0.9829949736595154,-0.12250199913978577,0,0,4.184000015258789,0,1,0.994966983795166,0.09129899740219116,0.04130199924111366,0,-0.09129899740219116,0.6560590267181396,0.7491670250892639,0,0.04130199924111366,-0.7491670250892639,0.6610919833183289,0,0,3.8320000171661377,0,1,-0.9381529688835144,-0.22595304250717163,0.26232513785362244,0,0.3355451226234436,-0.7800918817520142,0.5280781388282776,0,0.08531702309846878,0.5834401845932007,0.8076629042625427,0,13.025899887084961,-7.138299942016602,0.8583999872207642,1,0.9861140847206116,0.15859678387641907,0.04925893619656563,0,-0.01973797380924225,0.40644407272338867,-0.9134619832038879,0,-0.16489277780056,0.899806022644043,0.40393105149269104,0,0,35.90399932861328,0,1,0.906848132610321,-0.4112367331981659,-0.09225711971521378,0,0.17909811437129974,0.1778651922941208,0.9676199555397034,0,-0.3815116584300995,-0.8940070867538452,0.23494918644428253,0,0,40.588401794433594,0,1,1,0.0000019999999949504854,0,0,0,0.6992500424385071,0.7148769497871399,0,0,-0.7148769497871399,0.6992500424385071,0,0,24,0,1,-0.9136669039726257,0.19991916418075562,-0.35390016436576843,0,-0.4059392511844635,-0.4930512309074402,0.7694897055625916,0,-0.020655106753110886,0.8467188477516174,0.5316392183303833,0,-13.025899887084961,-7.138199806213379,0.8583999872207642,1,0.9987030029296875,-0.027025241404771805,-0.04315227270126343,0,-0.030180159956216812,0.3683590590953827,-0.9291930198669434,0,0.04100632667541504,0.9292910099029541,0.36706602573394775,0,0,35.90399932861328,0,1,0.9787939190864563,0.19799813628196716,0.052524056285619736,0,-0.1405590921640396,0.46264392137527466,0.8753310441970825,0,0.14901410043239594,-0.8641510009765625,0.4806629419326782,0,0,40.588401794433594,0,1,1,0,0,0,0,0.7047430276870728,0.7094630002975464,0,0,-0.7094630002975464,0.7047430276870728,0,0,24,0,1
K0.100,0.9548109769821167,0.0255149994045496,-0.2961150109767914,0,0.02085700072348118,0.988099992275238,0.15239199995994568,0,0.2964800000190735,-0.15168200433254242,0.942916989326477,0,-0.10114701837301254,84.33256530761719,-1.4127529859542847,1,0.9997460246086121,-0.006675999611616135,-0.021537000313401222,0,0.007413999643176794,0.9993810057640076,0.03437599912285805,0,0.02129499986767769,-0.0345270000398159,0.9991769790649414,0,0,14.65250015258789,0.4325000047683716,1,0.999330997467041,-0.022251000627875328,-0.029040999710559845,0,0.024560999125242233,0.9963480234146118,0.08178099989891052,0,0.027115000411868095,-0.08243899792432785,0.9962270259857178,0,0,10.372599601745605,0,1,0.9993299841880798,-0.02283399924635887,-0.028605999425053596,0,0.023592999204993248,0.9993699789047241,0.026498999446630478,0,0.02798300050199032,-0.027155999094247818,0.9992390275001526,0,0,10.089500427246094,0,1,0.9932699799537659,0.09501799941062927,0.06622699648141861,0,-0.1038919985294342,0.9836900234222412,0.14683200418949127,0,-0.05119499936699867,-0.1527239978313446,0.9869419932365417,0,0,31.684999465942383,0.24639999866485596,1,0.9821100234985352,0.09780599921941757,0.1609179973602295,0,-0.07947199791669846,0.9899849891662598,-0.11668000370264053,0,-0.1707179993391037,0.10180400311946869,0.9800469875335693,0,0,11.408900260925293,1.9208999872207642,1,0.5197629928588867,-0.05666299909353256,-0.852429986000061,0,0.5676349997520447,-0.7227939963340759,0.3941569924354553,0,-0.6384649872779846,-0.6887369751930237,-0.343517005443573,0,10.9128999710083,26.73270034790039,-2.7056000232696533,1,0.9620500206947327,0.26970401406288147,0.04147300124168396,0,-0.2710910141468048,0.9620069861412048,0.032451000064611435,0,-0.031144998967647552,-0.04246300086379051,0.9986119866371155,0,0,16.608800888061523,0,1,-0.4037559926509857,0.9148669838905334,0,0,-0.9148669838905334,-0.4037559926509857,0,0,0,0,1,0,0,32.327598571777344,0,1,0.9948170185089111,0.09291800111532211,-0.0412990003824234,0,-0.10031899809837341,0.9631639719009399,-0.24950000643730164,0,0.01659500226378441,0.25235000252723694,0.967494010925293,0,0,28.022199630737305,0,1,0.9779769778251648,0.20065100491046906,0.05744300037622452,0,-0.1870580017566681,0.7205830216407776,0.6676599979400635,0,0.09257400035858154,-0.6637009978294373,0.7422469854354858,0,-3.8598999977111816,6.27400016784668,3.206399917602539,1,0.19007399678230286,-0.9815710186958313,0.01976200006902218,0,0.980239987373352,0.18861700594425201,-0.05960800126194954,0,0.05478199943900108,0.030702000483870506,0.9980260133743286,0,0,6.531899929046631,0,1,0.7991470098495483,-0.5790719985961914,0.16136600077152252,0,0.600504994392395,0.7812979817390442,-0.17019900679588318,0,-0.027518000453710556,0.232914999127388,0.972108006477356,0,0,7.500800132751465,0,1,0.9824159741401672,-0.11674000322818756,-0.14570499956607819,0,0.11674000322818756,-0.22495099902153015,0.9673510193824768,0,-0.14570499956607819,-0.9673510193824768,-0.20736700296401978,0,0,18.109699249267578,0,1,0.9891179800033569,-0.11625199764966965,-0.09017200022935867,0,0.11625199764966965,0.24192200601100922,0.9633060097694397,0,-0.09017200022935867,-0.9633060097694397,0.2528040111064911,0,0,4.183700084686279,0,1,0.996957004070282,-0.07376299798488617,-0.02521600015461445,0,0.07376299798488617,0.7880110144615173,0.6112269759178162,0,-0.02521600015461445,-0.6112269759178162,0.7910540103912354,0,0,3.831899881362915,0,1,0.354436993598938,0.03742599859833717,0.9343299865722656,0,-0.642300009727478,-0.7164319753646851,0.27235400676727295,0,0.6795769929885864,-0.6966519951820374,-0.22989100217819214,0,-10.9128999710083,26.732999801635742,-2.7056000232696533,1,0.6658430099487305,-0.37459298968315125,-0.645238995552063,0,0.3053250014781952,0.9258999824523926,-0.22245599329471588,0,0.6807569861412048,-0.04888699948787689,0.7308769822120667,0,0,16.608600616455078,0,1,-0.5872979760169983,-0.8093709945678711,0,0,0.8093709945678711,-0.5872979760169983,0,0,0,0,1,0,0,32.327598571777344,0,1,0.3349809944629669,-0.034928999841213226,-0.9415770173072815,0,0.032898999750614166,0.9991369843482971,-0.025359999388456345,0,0.9416499733924866,-0.022482000291347504,0.33584100008010864,0,0,28.022199630737305,0,1,0.9923189878463745,-0.09877599775791168,-0.07447399944067001,0,0.12341299653053284,0.7490360140800476,0.6509339809417725,0,-0.00851299986243248,-0.6551250219345093,0.7554730176925659,0,3.8598999977111816,6.27400016784668,3.2070000171661377,1,0.17400699853897095,0.787056028842926,-0.5918319821357727,0,-0.9812480211257935,0.08797799795866013,-0.17150099575519562,0,-0.08291299641132355,0.6105759739875793,0.7876049876213074,0,0,6.531799793243408,0,1,0.8000119924545288,0.485275000333786,-0.3528299927711487,0,-0.5706160068511963,0.7971199750900269,-0.1974799931049347,0,0.18541599810123444,0.35931599140167236,0.9146109819412231,0,0,7.500999927520752,0,1,0.9828240275382996,0.11913400143384933,0.1409360021352768,0,-0.11913499981164932,-0.17364799976348877,0.9775750041007996,0,0.1409360021352768,-0.9775750041007996,-0.15647299587726593,0,0,18.109600067138672,0,1,0.9833289980888367,0.11979500204324722,0.1367969959974289,0,-0.11979500204324722,-0.1391730010509491,0.9829949736595154,0,0.1367959976196289,-0.9829949736595154,-0.12250199913978577,0,0,4.184000015258789,0,1,0.994966983795166,0.09129899740219116,0.04130199924111366,0,-0.09129899740219116,0.6560590267181396,0.7491670250892639,0,0.04130199924111366,-0.7491670250892639,0.6610919833183289,0,0,3.8320000171661377,0,1,-0.9468340277671814,-0.21157599985599518,0.2423660010099411,0,0.30638501048088074,-0.8228170275688171,0.4786440134048462,0,0.09815400093793869,0.5274540185928345,0.8438950181007385,0,13.025899887084961,-7.138299942016602,0.8583999872207642,1,0.9845309853553772,0.17175400257110596,0.03463299944996834,0,-0.04062199965119362,0.41603198647499084,-0.9084420204162598,0,-0.17043699324131012,0.892982006072998,0.41657400131225586,0,0,35.90399932861328,0,1,0.8820260167121887,-0.46990999579429626,-0.034852005541324615,0,0.11275999993085861,0.13867899775505066,0.9838969707489014,0,-0.45750999450683594,-0.8717529773712158,0.17530600726604462,0,0,40.588401794433594,0,1,1,0.0000019999999949504854,0,0,0,0.6732280254364014,0.7394350171089172,0,0,-0.7394350171089172,0.6732280254364014,0,0,24,0,1,-0.9363549947738647,0.15900999307632446,-0.31297698616981506,0,-0.3506869971752167,-0.4644339978694916,0.8132150173187256,0,-0.016047999262809753,0.8712159991264343,0.49063798785209656,0,-13.025899887084961,-7.138199806213379,0.8583999872207642,1,0.9989219903945923,0.04415999725461006,0.014317996799945831,0,-0.003272001165896654,0.3746190071105957,-0.9271730184555054,0,-0.0463079959154129,0.9261260032653809,0.37435999512672424,0,0,35.90399932861328,0,1,0.9861680269241333,0.16124199330806732,0.03839400038123131,0,-0.113305002450943,0.48673099279403687,0.8661730289459229,0,0.12097600102424622,-0.8585420250892639,0.4982680082321167,0,0,40.588401794433594,0,1,1,0,0,0,0,0.7047430276870728,0.7094630002975464,0,0,-0.7094630002975464,0.7047430276870728,0,0,24,0,1
