0.867,30,26,43
B0,mixamorig_Hips,-1,0.9923931360244751,-0.0003599670308176428,-0.11063423752784729,0,0.017134279012680054,0.9882979989051819,0.1514768749475479,0,0.10929301381111145,-0.1524832844734192,0.9807685017585754,0,-0.9632657170295715,83.7988052368164,-0.013001479208469391,1
B1,mixamorig_Spine,0,0.9989103674888611,0.04529215767979622,0.00962743628770113,0,-0.045542944222688675,0.9985834360122681,0.027133211493492126,0,-0.008389606140553951,-0.027526402845978737,0.9995784759521484,0,0,14.65250015258789,0.4325000047683716,1
B2,mixamorig_Spine1,1,0.9991168975830078,0.0401100255548954,0.010644271038472652,0,-0.040777698159217834,0.9966045022010803,0.07148299366235733,0,-0.00774414325132966,-0.07184059917926788,0.9973669052124023,0,0,10.372599601745605,0,1
B3,mixamorig_Spine2,2,0.999121904373169,0.04034437611699104,0.009224874898791313,0,-0.04049856215715408,0.9990440607070923,0.016237804666161537,0,-0.008564334362745285,-0.016582634299993515,0.9998067617416382,0,0,10.089500427246094,0,1
B4,mixamorig_Neck,3,0.9925975799560547,-0.11721677333116531,-0.031026186421513557,0,0.120632603764534,0.9805325865745544,0.15487006306648254,0,0.012271406129002571,-0.15744651854038239,0.9874371290206909,0,0,31.684999465942383,0.24639999866485596,1
B5,mixamorig_Head,4,0.9922089576721191,0.08763907849788666,0.07880329340696335,0,-0.07611601054668427,0.9873833656311035,-0.13768787682056427,0,-0.08993080258369446,0.13002309203147888,0.9867426753044128,0,0,11.408900260925293,1.9208999872207642,1
B6,mixamorig_HeadTop_End,5,1,0,0,0,0,1,0,0,0,0,1,0,0.06040000170469284,36.99250030517578,6.669400215148926,1
B7,mixamorig_Reye,5,1,0,0,0,0,1,0,0,0,0,1,0,-5.297500133514404,11.923600196838379,11.889900207519531,1
B8,mixamorig_Leye,5,1,0,0,0,0,1,0,0,0,0,1,0,5.452600002288818,11.923600196838379,11.889900207519531,1
B9,mixamorig_LeftShoulder,3,0.4027305841445923,-0.03659972921013832,-0.9145814776420593,0,0.6239684820175171,-0.7200707793235779,0.3035750091075897,0,-0.6696733832359314,-0.6929349899291992,-0.26715755462646484,0,10.9128999710083,26.73270034790039,-2.7056000232696533,1
B10,mixamorig_LeftArm,9,0.6681601405143738,0.41359224915504456,0.6184347867965698,0,-0.346001535654068,0.9086129069328308,-0.23379604518413544,0,-0.6586350202560425,-0.05779595673084259,0.750208854675293,0,0,16.608800888061523,0,1
B11,mixamorig_LeftForeArm,10,-0.6590120196342468,0.7520989775657654,0,0,-0.7520989775657654,-0.6590120196342468,0,0,0,0,1,0,0,32.327598571777344,0,1
B12,mixamorig_LeftHand,11,0.30296483635902405,0.04277794435620308,0.9519628286361694,0,-0.031017741188406944,0.9989044070243835,-0.03499786555767059,0,-0.9524184465408325,-0.018936634063720703,0.3039596974849701,0,0,28.022199630737305,0,1
B13,mixamorig_LeftHandThumb1,12,0.9923610091209412,0.10235600173473358,0.06887199729681015,0,-0.12229900062084198,0.7427930235862732,0.6582559943199158,0,0.0162189994007349,-0.6616510152816772,0.7496370077133179,0,-3.8598999977111816,6.27400016784668,3.206399917602539,1
B14,mixamorig_LeftHandThumb2,13,0.1816529929637909,-0.7848700284957886,0.5924361348152161,0,0.9800459742546082,0.09506088495254517,-0.17456400394439697,0,0.08069299906492233,0.6123250126838684,0.7864770293235779,0,0,6.531899929046631,0,1
B15,mixamorig_LeftHandThumb3,14,0.7802671194076538,-0.5155420899391174,0.3541170060634613,0,0.5988219976425171,0.7792149782180786,-0.185030996799469,0,-0.1805420070886612,0.3564260005950928,0.9167140126228333,0,0,7.500800132751465,0,1
B16,mixamorig_LeftHandThumb4,15,1,0,0,0,0,1,0,0,0,0,1,0,0,4.862299919128418,0,1
B17,mixamorig_LeftHandIndex1,12,0.9831529855728149,-0.11799100041389465,-0.13960300385951996,0,0.11799100041389465,-0.17364899814128876,0.9777140021324158,0,-0.13960300385951996,-0.9777140021324158,-0.15680189430713654,0,0,18.109699249267578,0,1
B18,mixamorig_LeftHandIndex2,17,0.9836469888687134,-0.11864499747753143,-0.13550299406051636,0,0.11864499747753143,-0.1391730010509491,0.9831349849700928,0,-0.13550299406051636,-0.9831349849700928,-0.12282010912895203,0,0,4.183700084686279,0,1
B19,mixamorig_LeftHandIndex3,18,0.9950630068778992,-0.09042300283908844,-0.0409110002219677,0,0.09042300283908844,0.6560590267181396,0.7492730021476746,0,-0.0409110002219677,-0.7492730021476746,0.6609960198402405,0,0,3.831899881362915,0,1
B20,mixamorig_LeftHandIndex4,19,1,0,0,0,0,1,0,0,0,0,1,0,0,4.86359977722168,0,1
B21,mixamorig_RightShoulder,3,0.4310833513736725,0.051905687898397446,0.9007893800735474,0,-0.6116948127746582,-0.7170657515525818,0.33405357599258423,0,0.6633017063140869,-0.6950502991676331,-0.2773686945438385,0,-10.9128999710083,26.732999801635742,-2.7056000232696533,1
B22,mixamorig_RightArm,21,0.9542455673217773,-0.12561404705047607,-0.26665788888931274,0,0.12429827451705933,0.991085946559906,-0.013448940590023994,0,0.2661301791667938,-0.02054218202829361,0.9613221287727356,0,0,16.608600616455078,0,1
B23,mixamorig_RightForeArm,22,-0.43386346101760864,-0.900421142578125,0,0,0.900421142578125,-0.43386346101760864,0,0,0,0,1,0,0,32.327598571777344,0,1
B24,mixamorig_RightHand,23,0.9970554113388062,-0.07592470943927765,-0.002796405926346779,0,0.07428101450204849,0.9836129546165466,-0.16304756700992584,0,0.015240989625453949,0.16230735182762146,0.9863996505737305,0,0,28.022199630737305,0,1
B25,mixamorig_RightHandThumb1,24,0.9783729910850525,-0.1970130056142807,-0.0630238875746727,0,0.18887700140476227,0.7266759872436523,0.6605049967765808,0,-0.08433011174201965,-0.6581240296363831,0.7481719851493835,0,3.8598999977111816,6.27400016784668,3.2070000171661377,1
B26,mixamorig_RightHandThumb2,25,0.17759299278259277,0.9839468598365784,-0.01760699972510338,0,-0.9824230074882507,0.1762160062789917,-0.061581000685691833,0,-0.05748999863862991,0.028233999386429787,0.9979469776153564,0,0,6.531799793243408,0,1
B27,mixamorig_RightHandThumb3,26,0.8193830251693726,0.5501821041107178,-0.16096700727939606,0,-0.5724239945411682,0.8003219962120056,-0.1783670037984848,0,0.030690999701619148,0.23829199373722076,0.9707080125808716,0,0,7.500999927520752,0,1
B28,mixamorig_RightHandThumb4,27,1,0,0,0,0,1,0,0,0,0,1,0,0,4.862299919128418,0,1
B29,mixamorig_RightHandIndex1,24,0.9820740222930908,0.11787199974060059,0.14709700644016266,0,-0.11787199974060059,-0.22495099902153015,0.9672139883041382,0,0.14709700644016266,-0.9672139883041382,-0.20702500641345978,0,0,18.109600067138672,0,1
B30,mixamorig_RightHandIndex2,29,0.9889060258865356,0.11737900227308273,0.09103299677371979,0,-0.11737900227308273,0.24192200601100922,0.9631699919700623,0,0.09103299677371979,-0.9631699919700623,0.25301599502563477,0,0,4.184000015258789,0,1
B31,mixamorig_RightHandIndex3,30,0.9968979954719543,0.07447800040245056,0.025456110015511513,0,-0.07447800040245056,0.7880110144615173,0.6111400127410889,0,0.025457000359892845,-0.6111400127410889,0.791113018989563,0,0,3.8320000171661377,0,1
B32,mixamorig_RightHandIndex4,31,1,0,0,0,0,1,0,0,0,0,1,0,0,4.86299991607666,0,1
B33,mixamorig_LeftUpLeg,0,-0.9819724559783936,-0.03253180906176567,0.18467403948307037,0,0.18145103752613068,-0.41355305910110474,0.891899824142456,0,0.04748895764350891,0.9097926020622253,0.4122985899448395,0,13.025899887084961,-7.138299942016602,0.8583999872207642,1
B34,mixamorig_LeftLeg,33,0.9862011671066284,-0.14163751900196075,-0.0856640562415123,0,-0.01813312992453575,0.4219420552253723,-0.906413733959198,0,0.16451029479503632,0.8954684138298035,0.4135570824146271,0,0,35.90399932861328,0,1
B35,mixamorig_LeftFoot,34,0.9856245517730713,-0.0288966316729784,-0.1635591834783554,0,0.1487186700105667,0.5871196985244751,0.7954546213150024,0,0.07319808751344681,-0.8086538314819336,0.5827584266662598,0,0,40.588401794433594,0,1
B36,mixamorig_LeftToeBase,35,1,0.0000019999999949504854,0,0,-9.999999974752427e-7,0.7047430276870728,0.7094630002975464,0,9.999999974752427e-7,-0.7094630002975464,0.7047430276870728,0,0,24,0,1
B37,mixamorig_LeftToe_End,36,1,0,0,0,0,1,0,0,0,0,1,0,0,14.832099914550781,0,1
B38,mixamorig_RightUpLeg,0,-0.9704445600509644,0.11819857358932495,-0.21020984649658203,0,-0.17653048038482666,-0.9418389201164246,0.2854790687561035,0,-0.1641348898410797,0.314146488904953,0.9349695444107056,0,-13.025899887084961,-7.138199806213379,0.8583999872207642,1
B39,mixamorig_RightLeg,38,0.9754152297973633,-0.21974772214889526,-0.011535673402249813,0,0.09523343294858932,0.46964266896247864,-0.8775635361671448,0,0.19825170934200287,0.8548972010612488,0.47901731729507446,0,0,35.90399932861328,0,1
B40,mixamorig_RightFoot,39,0.8472789525985718,0.521493673324585,-0.10041488707065582,0,0.0911126509308815,0.04354269802570343,0.994885265827179,0,0.5232044458389282,-0.8520979285240173,-0.010601367801427841,0,0,40.588401794433594,0,1
B41,mixamorig_RightToeBase,40,1,1.0971543673576889e-7,0,0,0,0.5091072916984558,0.8601856827735901,0,1.0971543673576889e-7,-0.8601856827735901,0.5091072916984558,0,0,24,0,1
B42,mixamorig_RightToe_End,41,1,0,0,0,0,1,0,0,0,0,1,0,0,14.831999778747559,0,1
@34,0,1,2,3,4,5,9,10,11,12,13,14,15,17,18,19,21,22,23,24,25,26,27,29,30,31,33,34,35,36,38,39,40,41
K0.000,0.8763099908828735,-0.02626200020313263,0.48103100061416626,0,-0.04064299911260605,0.9909229874610901,0.12814000248908997,0,-0.48003000020980835,-0.1318410038948059,0.8672890067100525,0,0.5703160166740417,85.13748168945312,-1.46260404586792,1,0.9998779892921448,-0.011750999838113785,0.010289999656379223,0,0.011408999562263489,0.9994000196456909,0.03268900141119957,0,-0.01066800020635128,-0.03256699815392494,0.999413013458252,0,0,14.65250015258789,0.4325000047683716,1,0.9998999834060669,0.011237000115215778,0.008538000285625458,0,-0.011877000331878662,0.9968050122261047,0.07898599654436111,0,-0.00762300007045269,-0.0790800005197525,0.9968389868736267,0,0,10.372599601745605,0,1,0.9998959898948669,0.011611999943852425,0.008596999570727348,0,-0.01181199960410595,0.9996520280838013,0.02356800064444542,0,-0.008320000022649765,-0.023667000234127045,0.9996849894523621,0,0,10.089500427246094,0,1,0.9918389916419983,-0.09978300333023071,-0.07936800271272659,0,0.11015100032091141,0.9841070175170898,0.13928599655628204,0,0.0642080008983612,-0.14689099788665771,0.9870659708976746,0,0,31.684999465942383,0.24639999866485596,1,0.9591019749641418,-0.1358489990234375,-0.24833300709724426,0,0.11300700157880783,0.9881259799003601,-0.10409700125455856,0,0.25952601432800293,0.07177700102329254,0.9630650281906128,0,0,11.408900260925293,1.9208999872207642,1,0.3161720037460327,-0.036642998456954956,-0.9479939937591553,0,0.6551179885864258,-0.7143200039863586,0.24610400199890137,0,-0.6861889958381653,-0.6988589763641357,-0.20184199512004852,0,10.9128999710083,26.73270034790039,-2.7056000232696533,1,0.6186590194702148,0.3617829978466034,0.6974049806594849,0,-0.26195600628852844,0.9318600296974182,-0.25102999806404114,0,-0.7407019734382629,-0.027387000620365143,0.6712750196456909,0,0,16.608800888061523,0,1,-0.597350001335144,0.8019800186157227,0,0,-0.8019800186157227,-0.597350001335144,0,0,0,0,1,0,0,32.327598571777344,0,1,0.3005320131778717,0.03508299961686134,0.9531260132789612,0,-0.03589500114321709,0.9990310072898865,-0.025453999638557434,0,-0.9530959725379944,-0.026562999933958054,0.30149999260902405,0,0,28.022199630737305,0,1,0.9923610091209412,0.10235600173473358,0.06887199729681015,0,-0.12229900062084198,0.7427930235862732,0.6582559943199158,0,0.0162189994007349,-0.6616510152816772,0.7496370077133179,0,-3.8598999977111816,6.27400016784668,3.206399917602539,1,0.1816529929637909,-0.7848700284957886,0.5924360156059265,0,0.9800459742546082,0.09506099671125412,-0.17456400394439697,0,0.08069299906492233,0.6123250126838684,0.7864770293235779,0,0,6.531899929046631,0,1,0.7802670001983643,-0.5155429840087891,0.3541170060634613,0,0.5988219976425171,0.7792149782180786,-0.185030996799469,0,-0.1805420070886612,0.35642701387405396,0.9167140126228333,0,0,7.500800132751465,0,1,0.9831529855728149,-0.11799100041389465,-0.13960300385951996,0,0.11799100041389465,-0.17364799976348877,0.9777140021324158,0,-0.13960300385951996,-0.9777140021324158,-0.1568010002374649,0,0,18.109699249267578,0,1,0.9836480021476746,-0.11864499747753143,-0.13550199568271637,0,0.11864499747753143,-0.13917399942874908,0.9831349849700928,0,-0.13550299406051636,-0.9831349849700928,-0.12282100319862366,0,0,4.183700084686279,0,1,0.9950630068778992,-0.09042199701070786,-0.0409110002219677,0,0.09042300283908844,0.6560590267181396,0.7492730021476746,0,-0.0409110002219677,-0.7492730021476746,0.6609960198402405,0,0,3.831899881362915,0,1,0.6235949993133545,0.07376299798488617,0.7782599925994873,0,-0.5011969804763794,-0.7262899875640869,0.4704299867153168,0,0.5999420285224915,-0.6834189891815186,-0.4159420132637024,0,-10.9128999710083,26.732999801635742,-2.7056000232696533,1,0.9516379833221436,-0.3007270097732544,-0.06283500045537949,0,0.3005000054836273,0.9536899924278259,-0.013257999904453754,0,0.06391199678182602,-0.006264999974519014,0.9979360103607178,0,0,16.608600616455078,0,1,-0.38573700189590454,-0.9226089715957642,0,0,0.9226089715957642,-0.38573700189590454,0,0,0,0,1,0,0,32.327598571777344,0,1,0.9812170267105103,-0.041930001229047775,0.18829700350761414,0,0.0891759991645813,0.9641299843788147,-0.2500019967556,0,-0.1710599958896637,0.2620980143547058,0.9497600197792053,0,0,28.022199630737305,0,1,0.9783729910850525,-0.1970130056142807,-0.06302399933338165,0,0.18887700140476227,0.7266770005226135,0.6605049967765808,0,-0.0843299999833107,-0.6581240296363831,0.7481719851493835,0,3.8598999977111816,6.27400016784668,3.2070000171661377,1,0.17759299278259277,0.9839469790458679,-0.01760699972510338,0,-0.9824230074882507,0.1762160062789917,-0.061581000685691833,0,-0.05748999863862991,0.028233999386429787,0.9979469776153564,0,0,6.531799793243408,0,1,0.8193830251693726,0.5501819849014282,-0.16096599400043488,0,-0.5724239945411682,0.8003230094909668,-0.1783670037984848,0,0.030690999701619148,0.23829199373722076,0.9707080125808716,0,0,7.500999927520752,0,1,0.9820740222930908,0.11787199974060059,0.14709700644016266,0,-0.11787199974060059,-0.22495099902153015,0.9672139883041382,0,0.14709700644016266,-0.9672139883041382,-0.20702500641345978,0,0,18.109600067138672,0,1,0.9889060258865356,0.11737900227308273,0.09103299677371979,0,-0.11737900227308273,0.24192099273204803,0.9631699919700623,0,0.09103400260210037,-0.9631699919700623,0.25301501154899597,0,0,4.184000015258789,0,1,0.9968979954719543,0.07447800040245056,0.025457000359892845,0,-0.07447800040245056,0.7880110144615173,0.6111400127410889,0,0.025456000119447708,-0.6111400127410889,0.791113018989563,0,0,3.8320000171661377,0,1,-0.8976200222969055,-0.22273600101470947,0.3803499937057495,0,0.43872299790382385,-0.5345379710197449,0.7223510146141052,0,0.04241799935698509,0.8152649998664856,0.5775319933891296,0,13.025899887084961,-7.138299942016602,0.8583999872207642,1,0.9950820207595825,0.05496999993920326,0.08240199834108353,0,0.05541500076651573,0.38058799505233765,-0.9230830073356628,0,-0.08210299909114838,0.9231089949607849,0.37567099928855896,0,0,35.90399932861328,0,1,0.9752600193023682,-0.2136159986257553,-0.05688399821519852,0,0.14961999654769897,0.44843199849128723,0.8812050223350525,0,-0.16272999346256256,-0.8679149746894836,0.46929898858070374,0,0,40.588401794433594,0,1,1,0.0000019999999949504854,0,0,0,0.7047430276870728,0.7094630002975464,0,0,-0.7094630002975464,0.7047430276870728,0,0,24,0,1,-0.9289479851722717,0.23377500474452972,-0.28706198930740356,0,-0.3579150140285492,-0.7652869820594788,0.5350069999694824,0,-0.09461399912834167,0.5997369885444641,0.7945839762687683,0,-13.025899887084961,-7.138199806213379,0.8583999872207642,1,0.9939119815826416,-0.10647899657487869,-0.028301000595092773,0,0.019226999953389168,0.4205609858036041,-0.907060980796814,0,0.10848499834537506,0.9009950160980225,0.42004698514938354,0,0,35.90399932861328,0,1,0.9237710237503052,0.3719789981842041,0.09098800271749496,0,-0.17799599468708038,0.2067040055990219,0.9620760083198547,0,0.33906498551368713,-0.9049339890480042,0.2571580111980438,0,0,40.588401794433594,0,1,1,0,0,0,0,0.7036749720573425,0.7105219960212708,0,0,-0.7105219960212708,0.7036749720573425,0,0,24,0,1
K0.033,0.886749267578125,-0.029551008716225624,0.46130451560020447,0,-0.03797394409775734,0.9899240136146545,0.13641108572483063,0,-0.460687518119812,-0.1384800672531128,0.8766932487487793,0,0.5449640154838562,84.87591552734375,-1.6510114669799805,1,0.9998409748077393,-0.009715951047837734,0.014976040460169315,0,0.00920494832098484,0.9993860125541687,0.033805012702941895,0,-0.015295038931071758,-0.03366200998425484,0.9993159770965576,0,0,14.65250015258789,0.4325000047683716,1,0.9997519850730896,0.01390803325921297,0.01738607883453369,0,-0.01527704019099474,0.9965729713439941,0.08129901438951492,0,-0.016196073964238167,-0.08154401183128357,0.996537983417511,0,0,10.372599601745605,0,1,0.9997450113296509,0.014391034841537476,0.01740407571196556,0,-0.014839036390185356,0.9995539784431458,0.025900015607476234,0,-0.017023077234625816,-0.02615201845765114,0.9995129704475403,0,0,10.089500427246094,0,1,0.9922869801521301,-0.09746698290109634,-0.07659194618463516,0,0.107495978474617,0.9842820167541504,0.14011701941490173,0,0.06173095107078552,-0.14727000892162323,0.98716801404953,0,0,31.684999465942383,0.24639999866485596,1,0.9589640498161316,-0.14556095004081726,-0.24330881237983704,0,0.1211879551410675,0.9862470030784607,-0.11238304525613785,0,0.2563208043575287,0.0782850906252861,0.9634160399436951,0,0,11.408900260925293,1.9208999872207642,1,0.32164111733436584,-0.03715300187468529,-0.9461319446563721,0,0.6533769369125366,-0.7145000100135803,0.2501750886440277,0,-0.6853070259094238,-0.6986479759216309,-0.2055370956659317,0,10.9128999710083,26.73270034790039,-2.7056000232696533,1,0.6310831904411316,0.3609330356121063,0.6866308450698853,0,-0.269846111536026,0.9320210218429565,-0.24190890789031982,0,-0.7272668480873108,-0.03262006863951683,0.6855791807174683,0,0,16.608800888061523,0,1,-0.5786689519882202,0.8155620694160461,0,0,-0.8155620694160461,-0.5786689519882202,0,0,0,0,1,0,0,32.327598571777344,0,1,0.3112831115722656,0.03453699126839638,0.9496889114379883,0,-0.0365859754383564,0.9990339875221252,-0.02433999627828598,0,-0.9496129155158997,-0.02716897241771221,0.3122461140155792,0,0,28.022199630737305,0,1,0.9923610091209412,0.10235600173473358,0.06887199729681015,0,-0.12229900062084198,0.7427930235862732,0.6582559943199158,0,0.0162189994007349,-0.6616510152816772,0.7496370077133179,0,-3.8598999977111816,6.27400016784668,3.206399917602539,1,0.1816529929637909,-0.7848700284957886,0.5924370288848877,0,0.9800459742546082,0.09506099671125412,-0.17456400394439697,0,0.08069299906492233,0.6123250126838684,0.7864770293235779,0,0,6.531899929046631,0,1,0.7802670001983643,-0.5155429840087891,0.3541159927845001,0,0.5988219976425171,0.7792149782180786,-0.185030996799469,0,-0.1805409938097,0.3564260005950928,0.9167140126228333,0,0,7.500800132751465,0,1,0.9831529855728149,-0.11799000203609467,-0.13960300385951996,0,0.11799100041389465,-0.17364899814128876,0.9777140021324158,0,-0.13960300385951996,-0.9777140021324158,-0.1568010002374649,0,0,18.109699249267578,0,1,0.9836480021476746,-0.11864499747753143,-0.13550199568271637,0,0.11864499747753143,-0.1391730010509491,0.9831349849700928,0,-0.13550199568271637,-0.9831349849700928,-0.12281999737024307,0,0,4.183700084686279,0,1,0.9950630068778992,-0.09042300283908844,-0.0409110002219677,0,0.09042300283908844,0.6560590267181396,0.7492730021476746,0,-0.0409110002219677,-0.7492730021476746,0.6609960198402405,0,0,3.831899881362915,0,1,0.6020997166633606,0.07124094665050507,0.7952362298965454,0,-0.5164141654968262,-0.7248740196228027,0.45593175292015076,0,0.6089271306991577,-0.6851879954338074,-0.3996557891368866,0,-10.9128999710083,26.732999801635742,-2.7056000232696533,1,0.9505199790000916,-0.30934402346611023,-0.028593800961971283,0,0.3091200292110443,0.9509459733963013,-0.012066884897649288,0,0.03092377446591854,0.002630951814353466,0.9995179772377014,0,0,16.608600616455078,0,1,-0.37891992926597595,-0.9254299998283386,0,0,0.9254299998283386,-0.37891992926597595,0,0,0,0,1,0,0,32.327598571777344,0,1,0.9884990453720093,-0.061011239886283875,0.13837440311908722,0,0.09641806781291962,0.9591779708862305,-0.26586005091667175,0,-0.11650535464286804,0.2761450409889221,0.9540290832519531,0,0,28.022199630737305,0,1,0.9783729910850525,-0.1970130056142807,-0.06302399933338165,0,0.18887700140476227,0.7266759872436523,0.6605049967765808,0,-0.0843299999833107,-0.6581240296363831,0.7481719851493835,0,3.8598999977111816,6.27400016784668,3.2070000171661377,1,0.17759299278259277,0.9839469790458679,-0.01760699972510338,0,-0.9824230074882507,0.1762160062789917,-0.061581000685691833,0,-0.05748999863862991,0.028233999386429787,0.9979469776153564,0,0,6.531799793243408,0,1,0.8193830251693726,0.5501819849014282,-0.16096599400043488,0,-0.5724239945411682,0.8003230094909668,-0.1783670037984848,0,0.03068999946117401,0.23829199373722076,0.9707080125808716,0,0,7.500999927520752,0,1,0.9820740222930908,0.11787199974060059,0.14709700644016266,0,-0.11787199974060059,-0.22495099902153015,0.9672139883041382,0,0.14709700644016266,-0.9672139883041382,-0.20702500641345978,0,0,18.109600067138672,0,1,0.9889060258865356,0.11737900227308273,0.09103299677371979,0,-0.11737900227308273,0.24192099273204803,0.9631699919700623,0,0.09103299677371979,-0.9631699919700623,0.25301501154899597,0,0,4.184000015258789,0,1,0.9968979954719543,0.07447800040245056,0.025456000119447708,0,-0.07447800040245056,0.7880110144615173,0.6111400127410889,0,0.025457000359892845,-0.6111400127410889,0.791113018989563,0,0,3.8320000171661377,0,1,-0.9022561311721802,-0.2167738378047943,0.37274983525276184,0,0.4300437569618225,-0.5156257748603821,0.7410752773284912,0,0.03155389055609703,0.8289391994476318,0.5584486722946167,0,13.025899887084961,-7.138299942016602,0.8583999872207642,1,0.9962000250816345,0.05144275352358818,0.0702747255563736,0,0.046117838472127914,0.3729039430618286,-0.9267230033874512,0,-0.07387867569923401,0.9264429807662964,0.3691139817237854,0,0,35.90399932861328,0,1,0.9757800698280334,-0.21088986098766327,-0.05813394486904144,0,0.15023289620876312,0.45286309719085693,0.8788319230079651,0,-0.1590098887681961,-0.8662800192832947,0.4735770523548126,0,0,40.588401794433594,0,1,1,0.0000019999999949504854,0,0,0,0.7047430276870728,0.7094630002975464,0,0,-0.7094630002975464,0.7047430276870728,0,0,24,0,1,-0.9333180785179138,0.22985395789146423,-0.2758338451385498,0,-0.3482408821582794,-0.7665831446647644,0.539517879486084,0,-0.08743997663259506,0.5995978116989136,0.7955101132392883,0,-13.025899887084961,-7.138199806213379,0.8583999872207642,1,0.9896639585494995,-0.13674622774124146,-0.0431920625269413,0,0.017075026407837868,0.411406934261322,-0.9112920165061951,0,0.14238522946834564,0.9011350274085999,0.4094889461994171,0,0,35.90399932861328,0,1,0.91746586561203,0.38392525911331177,0.1041988804936409,0,-0.1917428821325302,0.19727680087089539,0.9614140391349792,0,0.348555326461792,-0.9020439386367798,0.2546097934246063,0,0,40.588401794433594,0,1,1,0,0,0,0,0.7047009468078613,0.7095050811767578,0,0,-0.7095050811767578,0.7047009468078613,0,0,24,0,1
K0.067,0.9104697704315186,-0.030449990183115005,0.41245248913764954,0,-0.03250005468726158,0.9889339804649353,0.14475390315055847,0,-0.41229647397994995,-0.14519894123077393,0.899404764175415,0,0.44162601232528687,84.60102844238281,-1.6954954862594604,1,0.9998080134391785,-0.004783048760145903,0.019015958532691002,0,0.0041200509294867516,0.9993860125541687,0.034788988530635834,0,-0.019170960411429405,-0.03470398858189583,0.9992139935493469,0,0,14.65250015258789,0.4325000047683716,1,0.9995329976081848,0.01725296676158905,0.025210922583937645,0,-0.01928696036338806,0.996379017829895,0.08280398696660995,0,-0.023690925911068916,-0.08325198292732239,0.9962469935417175,0,0,10.372599601745605,0,1,0.9995260238647461,0.017799966037273407,0.025098923593759537,0,-0.01848796382546425,0.9994519948959351,0.027470985427498817,0,-0.0245969258248806,-0.02792198397219181,0.9993069767951965,0,0,10.089500427246094,0,1,0.9928309917449951,-0.09580501168966293,-0.07147005200386047,0,0.105181023478508,0.9843090176582336,0.14167898893356323,0,0.0567750483751297,-0.14817997813224792,0.9873290061950684,0,0,31.684999465942383,0.24639999866485596,1,0.9645649194717407,-0.140671044588089,-0.2232171893119812,0,0.11673504114151001,0.9862369894981384,-0.11708895862102509,0,0.23661619424819946,0.08688291907310486,0.9677109122276306,0,0,11.408900260925293,1.9208999872207642,1,0.33298489451408386,-0.03739699721336365,-0.9421900510787964,0,0.649677038192749,-0.7150949835777283,0.25798889994621277,0,-0.6834040284156799,-0.6980260014533997,-0.21381990611553192,0,10.9128999710083,26.73270034790039,-2.7056000232696533,1,0.6462218165397644,0.36455997824668884,0.6704421639442444,0,-0.2831888794898987,0.9303489923477173,-0.2329280823469162,0,-0.7086611986160278,-0.03933793306350708,0.7044508457183838,0,0,16.608800888061523,0,1,-0.5702330470085144,0.8214829564094543,0,0,-0.8214829564094543,-0.5702330470085144,0,0,0,0,1,0,0,32.327598571777344,0,1,0.3246328830718994,0.0337580069899559,0.9452370405197144,0,-0.03411302715539932,0.9991310238838196,-0.023966003209352493,0,-0.9452250599861145,-0.024465026333928108,0.325502872467041,0,0,28.022199630737305,0,1,0.9923610091209412,0.10235600173473358,0.06887199729681015,0,-0.12229900062084198,0.7427930235862732,0.6582559943199158,0,0.0162189994007349,-0.6616510152816772,0.7496370077133179,0,-3.8598999977111816,6.27400016784668,3.206399917602539,1,0.1816529929637909,-0.7848700284957886,0.5924370288848877,0,0.9800459742546082,0.09505999833345413,-0.17456400394439697,0,0.08069299906492233,0.6123260259628296,0.7864770293235779,0,0,6.531899929046631,0,1,0.7802670001983643,-0.5155429840087891,0.3541170060634613,0,0.5988219976425171,0.7792149782180786,-0.185030996799469,0,-0.1805420070886612,0.35642701387405396,0.9167140126228333,0,0,7.500800132751465,0,1,0.9831529855728149,-0.11799100041389465,-0.13960300385951996,0,0.11799000203609467,-0.17364899814128876,0.9777140021324158,0,-0.13960300385951996,-0.9777140021324158,-0.1568010002374649,0,0,18.109699249267578,0,1,0.9836469888687134,-0.11864499747753143,-0.13550299406051636,0,0.11864499747753143,-0.1391730010509491,0.9831349849700928,0,-0.13550299406051636,-0.9831349849700928,-0.12282100319862366,0,0,4.183700084686279,0,1,0.9950630068778992,-0.09042300283908844,-0.0409110002219677,0,0.09042300283908844,0.6560590267181396,0.7492730021476746,0,-0.0409110002219677,-0.7492730021476746,0.6609960198402405,0,0,3.831899881362915,0,1,0.5714582800865173,0.0659390538930893,0.817977786064148,0,-0.5367377996444702,-0.7239689826965332,0.4333372414112091,0,0.6207648515701294,-0.6866739988327026,-0.3783262073993683,0,-10.9128999710083,26.732999801635742,-2.7056000232696533,1,0.9498519897460938,-0.3125799596309662,-0.00864119827747345,0,0.3125879764556885,0.9498890042304993,-0.0005371146253310144,0,0.008376224897801876,-0.002190951956436038,0.9999629855155945,0,0,16.608600616455078,0,1,-0.3744000494480133,-0.9272670149803162,0,0,0.9272670149803162,-0.3744000494480133,0,0,0,0,1,0,0,32.327598571777344,0,1,0.9933269619941711,-0.08477376401424408,0.07819259911775589,0,0.10305293649435043,0.956824004650116,-0.2717859447002411,0,-0.051776643842458725,0.2780299782752991,0.9591759443283081,0,0,28.022199630737305,0,1,0.9783729910850525,-0.1970130056142807,-0.06302399933338165,0,0.18887700140476227,0.7266759872436523,0.6605049967765808,0,-0.0843299999833107,-0.6581240296363831,0.7481719851493835,0,3.8598999977111816,6.27400016784668,3.2070000171661377,1,0.17759299278259277,0.9839469790458679,-0.01760699972510338,0,-0.9824230074882507,0.1762160062789917,-0.06158199906349182,0,-0.05748999863862991,0.028233999386429787,0.9979469776153564,0,0,6.531799793243408,0,1,0.8193830251693726,0.5501819849014282,-0.16096700727939606,0,-0.5724239945411682,0.8003230094909668,-0.1783670037984848,0,0.030690999701619148,0.23829199373722076,0.9707080125808716,0,0,7.500999927520752,0,1,0.9820740222930908,0.11787199974060059,0.14709700644016266,0,-0.11787199974060059,-0.22495099902153015,0.9672139883041382,0,0.14709700644016266,-0.9672139883041382,-0.20702500641345978,0,0,18.109600067138672,0,1,0.9889060258865356,0.11737900227308273,0.09103299677371979,0,-0.11737900227308273,0.24192200601100922,0.9631699919700623,0,0.09103299677371979,-0.9631699919700623,0.25301599502563477,0,0,4.184000015258789,0,1,0.9968979954719543,0.07447800040245056,0.025456000119447708,0,-0.07447800040245056,0.7880100011825562,0.6111400127410889,0,0.025457000359892845,-0.6111400127410889,0.791113018989563,0,0,3.8320000171661377,0,1,-0.9136618971824646,-0.19980216026306152,0.3539791703224182,0,0.40594422817230225,-0.49305224418640137,0.7694867253303528,0,0.020785106346011162,0.8467458486557007,0.5315912365913391,0,13.025899887084961,-7.138299942016602,0.8583999872207642,1,0.9987109899520874,0.026990242302417755,0.0429912731051445,0,0.030044160783290863,0.3683660626411438,-0.929194986820221,0,-0.04091532900929451,0.9292889833450317,0.36708003282546997,0,0,35.90399932861328,0,1,0.9787969589233398,-0.19799412786960602,-0.05248705670237541,0,0.14052309095859528,0.4626398980617523,0.8753390312194824,0,-0.14902910590171814,-0.8641539812088013,0.48065292835235596,0,0,40.588401794433594,0,1,1,0.0000019999999949504854,0,0,0,0.7047420144081116,0.7094630002975464,0,0,-0.7094630002975464,0.7047420144081116,0,0,24,0,1,-0.9381669163703918,0.22602704167366028,-0.2622111439704895,0,-0.3355361223220825,-0.7801029086112976,0.528066098690033,0,-0.08519501984119415,0.5833961963653564,0.807706892490387,0,-13.025899887084961,-7.138199806213379,0.8583999872207642,1,0.986094057559967,-0.15866278111934662,-0.04943493753671646,0,0.019607974216341972,0.4064710736274719,-0.9134529829025269,0,0.1650257706642151,0.8997820019721985,0.40393006801605225,0,0,35.90399932861328,0,1,0.9068410992622375,0.4112367331981659,0.09232311695814133,0,-0.17917612195014954,0.17788518965244293,0.9676019549369812,0,0.38149067759513855,-0.8940030336380005,0.2349971979856491,0,0,40.588401794433594,0,1,1,0,0,0,0,0.6992500424385071,0.7148769497871399,0,0,-0.7148769497871399,0.6992500424385071,0,0,24,0,1
K0.100,0.9548109769821167,-0.02551800012588501,0.2961159944534302,0,-0.020854000002145767,0.988099992275238,0.15239299833774567,0,-0.29648101329803467,-0.15168200433254242,0.942916989326477,0,0.10117801278829575,84.33309173583984,-1.4127609729766846,1,0.9997460246086121,0.006677999626845121,0.021536000072956085,0,-0.0074169994331896305,0.9993810057640076,0.03437599912285805,0,-0.02129399962723255,-0.0345270000398159,0.9991769790649414,0,0,14.65250015258789,0.4325000047683716,1,0.999330997467041,0.022251000627875328,0.029040999710559845,0,-0.024560999125242233,0.9963480234146118,0.08178099989891052,0,-0.027115000411868095,-0.08243899792432785,0.9962270259857178,0,0,10.372599601745605,0,1,0.9993299841880798,0.02283399924635887,0.028605999425053596,0,-0.023592999204993248,0.9993699789047241,0.026498999446630478,0,-0.02798300050199032,-0.027155999094247818,0.9992390275001526,0,0,10.089500427246094,0,1,0.9932699799537659,-0.09501799941062927,-0.06622699648141861,0,0.1038919985294342,0.9836900234222412,0.14683200418949127,0,0.05119499936699867,-0.1527239978313446,0.9869419932365417,0,0,31.684999465942383,0.24639999866485596,1,0.9821100234985352,-0.09780599921941757,-0.1609179973602295,0,0.07947199791669846,0.9899849891662598,-0.11668100208044052,0,0.1707179993391037,0.10180500149726868,0.9800459742546082,0,0,11.408900260925293,1.9208999872207642,1,0.35443899035453796,-0.037425000220537186,-0.9343299865722656,0,0.6423190236091614,-0.7164120078086853,0.2723599970340729,0,-0.6795579791069031,-0.6966729760169983,-0.22988499701023102,0,10.9128999710083,26.73270034790039,-2.7056000232696533,1,0.6658419966697693,0.3745740056037903,0.6452509760856628,0,-0.305323988199234,0.9259060025215149,-0.2224300056695938,0,-0.680757999420166,-0.04890799894928932,0.7308729887008667,0,0,16.608800888061523,0,1,-0.5872979760169983,0.8093709945678711,0,0,-0.8093709945678711,-0.5872979760169983,0,0,0,0,1,0,0,32.327598571777344,0,1,0.33608201146125793,0.03495499864220619,0.9411839842796326,0,-0.03289800137281418,0.9991369843482971,-0.025359999388456345,0,-0.9412580132484436,-0.022439999505877495,0.33694198727607727,0,0,28.022199630737305,0,1,0.9923610091209412,0.10235600173473358,0.06887199729681015,0,-0.12229900062084198,0.7427930235862732,0.6582559943199158,0,0.0162189994007349,-0.6616510152816772,0.7496370077133179,0,-3.8598999977111816,6.27400016784668,3.206399917602539,1,0.1816519945859909,-0.7848700284957886,0.5924370288848877,0,0.9800459742546082,0.09505999833345413,-0.17456400394439697,0,0.08069299906492233,0.6123260259628296,0.7864770293235779,0,0,6.531899929046631,0,1,0.7802670001983643,-0.5155419707298279,0.3541170060634613,0,0.5988219976425171,0.7792149782180786,-0.185030996799469,0,-0.1805420070886612,0.3564260005950928,0.9167140126228333,0,0,7.500800132751465,0,1,0.9831529855728149,-0.11799100041389465,-0.13960300385951996,0,0.11799100041389465,-0.17364899814128876,0.9777140021324158,0,-0.13960300385951996,-0.9777140021324158,-0.1568010002374649,0,0,18.109699249267578,0,1,0.9836480021476746,-0.11864499747753143,-0.13550199568271637,0,0.11864499747753143,-0.1391730010509491,0.9831349849700928,0,-0.13550199568271637,-0.9831349849700928,-0.12282100319862366,0,0,4.183700084686279,0,1,0.9950630068778992,-0.09042199701070786,-0.0409110002219677,0,0.09042199701070786,0.6560590267181396,0.7492730021476746,0,-0.0409110002219677,-0.7492730021476746,0.6609960198402405,0,0,3.831899881362915,0,1,0.5197610259056091,0.056664999574422836,0.852429986000061,0,-0.5676159858703613,-0.7228140234947205,0.39414700865745544,0,0.6384829878807068,-0.6887149810791016,-0.3435269892215729,0,-10.9128999710083,26.732999801635742,-2.7056000232696533,1,0.9620500206947327,-0.26970499753952026,-0.04146299883723259,0,0.27109000086784363,0.962007999420166,0.03242399916052818,0,0.03114299848675728,-0.042433999478816986,0.9986140131950378,0,0,16.608600616455078,0,1,-0.4037559926509857,-0.9148669838905334,0,0,0.9148669838905334,-0.4037559926509857,0,0,0,0,1,0,0,32.327598571777344,0,1,0.9948359727859497,-0.09321299940347672,0.04016700014472008,0,0.1003199964761734,0.9631639719009399,-0.24950000643730164,0,-0.01543000154197216,0.25224098563194275,0.967540979385376,0,0,28.022199630737305,0,1,0.9783729910850525,-0.1970130056142807,-0.06302399933338165,0,0.18887700140476227,0.7266759872436523,0.6605049967765808,0,-0.0843299999833107,-0.6581240296363831,0.7481719851493835,0,3.8598999977111816,6.27400016784668,3.2070000171661377,1,0.17759299278259277,0.9839469790458679,-0.01760699972510338,0,-0.9824230074882507,0.1762160062789917,-0.061581000685691833,0,-0.05748999863862991,0.028233999386429787,0.9979469776153564,0,0,6.531799793243408,0,1,0.819383978843689,0.5501819849014282,-0.16096700727939606,0,-0.572422981262207,0.8003230094909668,-0.1783670037984848,0,0.030690999701619148,0.23829199373722076,0.9707080125808716,0,0,7.500999927520752,0,1,0.9820740222930908,0.11787199974060059,0.14709700644016266,0,-0.11787199974060059,-0.22495199739933014,0.9672139883041382,0,0.14709700644016266,-0.9672139883041382,-0.20702500641345978,0,0,18.109600067138672,0,1,0.9889060258865356,0.11737900227308273,0.09103299677371979,0,-0.11737900227308273,0.24192200601100922,0.9631699919700623,0,0.09103299677371979,-0.9631699919700623,0.25301599502563477,0,0,4.184000015258789,0,1,0.9968979954719543,0.07447800040245056,0.025456000119447708,0,-0.07447800040245056,0.7880110144615173,0.6111400127410889,0,0.025457000359892845,-0.6111400127410889,0.791113018989563,0,0,3.8320000171661377,0,1,-0.9363530278205872,-0.15888500213623047,0.31304800510406494,0,0.3506869971752167,-0.46444401144981384,0.8132100105285645,0,0.016186999157071114,0.8712329864501953,0.4906019866466522,0,13.025899887084961,-7.138299942016602,0.8583999872207642,1,0.9989179968833923,-0.04419199749827385,-0.014477997086942196,0,0.0031360010616481304,0.37463799118995667,-0.9271659851074219,0,0.046396996825933456,0.9261170029640198,0.3743720054626465,0,0,35.90399932861328,0,1,0.9861699938774109,-0.16123799979686737,-0.03835799917578697,0,0.11327099800109863,0.48673200607299805,0.8661760091781616,0,-0.12099099904298782,-0.8585420250892639,0.49826401472091675,0,0,40.588401794433594,0,1,1,0.0000019999999949504854,0,0,0,0.7047410011291504,0.7094640135765076,0,0,-0.7094640135765076,0.7047410011291504,0,0,24,0,1,-0.9468479752540588,0.21164600551128387,-0.24224799871444702,0,-0.3063800036907196,-0.8228260278701782,0.47863098978996277,0,-0.09802799671888351,0.5274109840393066,0.843936026096344,0,-13.025899887084961,-7.138199806213379,0.8583999872207642,1,0.9845110177993774,-0.17182999849319458,-0.034814998507499695,0,0.04049199819564819,0.41606199741363525,-0.9084339737892151,0,0.17058099806308746,0.8929539918899536,0.41657501459121704,0,0,35.90399932861328,0,1,0.8820239901542664,0.46990901231765747,0.0349230021238327,0,-0.11285000294446945,0.13870100677013397,0.9838839769363403,0,0.45749199390411377,-0.871749997138977,0.17536699771881104,0,0,40.588401794433594,0,1,1,0,0,0,0,0.6732280254364014,0.7394350171089172,0,0,-0.7394350171089172,0.6732280254364014,0,0,24,0,1
